0.814205 -0.0534322 0.578113 -16.5152 -0.0660355 0.980771 0.183651 31.2152 -0.57681 -0.187706 0.79502 784.166
0.814205 -0.0534322 0.578113 -16.5152 -0.0660355 0.980771 0.183651 31.2152 -0.57681 -0.187706 0.79502 784.166
0.813028 -0.0492922 0.580135 -16.3149 -0.0698837 0.980944 0.181286 31.2459 -0.578016 -0.187932 0.79409 784.444
0.812796 -0.0467466 0.580669 -16.0717 -0.0699003 0.981747 0.176879 31.2828 -0.578339 -0.184355 0.794693 784.778
0.814056 -0.0524249 0.578415 -15.8447 -0.0646838 0.981538 0.179998 31.3216 -0.577173 -0.183942 0.795636 785.075
0.813854 -0.0507276 0.578851 -15.6229 -0.0697222 0.98046 0.183951 31.3615 -0.576871 -0.190068 0.794414 785.372
0.813074 -0.0517034 0.57986 -15.4044 -0.0671107 0.981083 0.18158 31.399 -0.578279 -0.186553 0.794223 785.666
0.813818 -0.0525455 0.578739 -15.188 -0.0659733 0.981111 0.181849 31.4364 -0.577363 -0.186174 0.794979 785.956
0.813635 -0.0509348 0.579141 -14.997 -0.0675587 0.981123 0.181202 31.4687 -0.577438 -0.186558 0.794834 786.216
0.813001 -0.0466966 0.580387 -14.7672 -0.0718356 0.98112 0.179565 31.5049 -0.577814 -0.187679 0.794297 786.536
0.813309 -0.0436307 0.580194 -14.5601 -0.0748504 0.981052 0.1787 31.5376 -0.576997 -0.188766 0.794633 786.824
0.81395 -0.0439372 0.579272 -14.3516 -0.0747882 0.980913 0.179488 31.5728 -0.576101 -0.189417 0.795128 787.107
0.814701 -0.0468627 0.577984 -14.1398 -0.0702768 0.981403 0.178631 31.6107 -0.575607 -0.186149 0.796257 787.386
0.815141 -0.0473519 0.577325 -13.9287 -0.0702542 0.981215 0.179673 31.6472 -0.574987 -0.187018 0.796501 787.669
0.81562 -0.0472392 0.576656 -13.7182 -0.0703326 0.981175 0.179855 31.6829 -0.574297 -0.187251 0.796944 787.957
0.816008 -0.0449308 0.576292 -13.5078 -0.0719863 0.981314 0.178438 31.7182 -0.573541 -0.187092 0.797526 788.25
0.816153 -0.0429908 0.576235 -13.2954 -0.0732657 0.981481 0.176995 31.7529 -0.573172 -0.186673 0.797889 788.545
0.816566 -0.0418411 0.575734 -13.0801 -0.0741983 0.981488 0.176565 31.7881 -0.572464 -0.186895 0.798345 788.843
0.817324 -0.0411672 0.574706 -12.8625 -0.0736944 0.981783 0.175132 31.8243 -0.571446 -0.185492 0.799401 789.143
0.818749 -0.0424413 0.572581 -12.6428 -0.0721162 0.981764 0.175892 31.8622 -0.569604 -0.185304 0.800758 789.446
0.819635 -0.0412192 0.571402 -12.4232 -0.0725085 0.981923 0.174841 31.9001 -0.56828 -0.184737 0.801829 789.753
0.820399 -0.0409055 0.570326 -12.2019 -0.0721243 0.982068 0.174186 31.9379 -0.567224 -0.184036 0.802737 790.064
0.821684 -0.0413922 0.568438 -11.9773 -0.0716306 0.981951 0.175046 31.9756 -0.565424 -0.18455 0.803889 790.379
0.822507 -0.0407752 0.567291 -11.7517 -0.071644 0.982054 0.174463 32.0127 -0.564224 -0.18414 0.804825 790.696
0.823004 -0.0400502 0.566622 -11.549 -0.0728392 0.981836 0.175195 32.0464 -0.563347 -0.185459 0.805137 790.983
0.823595 -0.0387997 0.56585 -11.3237 -0.0734333 0.981966 0.174215 32.0844 -0.562405 -0.185034 0.805893 791.305
0.824168 -0.0374217 0.565107 -11.0751 -0.0744038 0.982012 0.173542 32.1265 -0.561436 -0.185074 0.806559 791.659
0.8246 -0.0370929 0.564499 -10.8473 -0.0745323 0.982027 0.173402 32.1643 -0.560785 -0.185061 0.807014 791.982
0.824909 -0.0371481 0.564044 -10.6417 -0.0746822 0.981929 0.173892 32.1984 -0.560311 -0.185569 0.807227 792.271
0.825084 -0.0382548 0.563714 -10.3886 -0.0734145 0.981989 0.174094 32.2394 -0.560221 -0.185027 0.807414 792.622
0.825036 -0.0372161 0.563853 -10.1597 -0.0747014 0.981888 0.174112 32.2762 -0.56012 -0.185769 0.807313 792.942
0.825026 -0.0366073 0.563907 -9.93162 -0.074535 0.982132 0.172806 32.3123 -0.560157 -0.1846 0.807556 793.262
0.825221 -0.0356697 0.563683 -9.70289 -0.0750401 0.982232 0.172013 32.3486 -0.559803 -0.184247 0.807882 793.583
0.825139 -0.0352592 0.563828 -9.49532 -0.0753365 0.982268 0.171678 32.3817 -0.559884 -0.184135 0.807852 793.872
0.825063 -0.0348947 0.563962 -9.23913 -0.0749847 0.982502 0.170492 32.4227 -0.560043 -0.182955 0.808009 794.23
0.825064 -0.0342969 0.563997 -9.00401 -0.0758241 0.982408 0.170663 32.4606 -0.559928 -0.183572 0.807949 794.558
0.825076 -0.0343266 0.563978 -8.7901 -0.0757243 0.98243 0.170577 32.4943 -0.559925 -0.183446 0.80798 794.855
0.824909 -0.0345537 0.564208 -8.52562 -0.0754573 0.982466 0.170493 32.5355 -0.560206 -0.183215 0.807838 795.221
0.82472 -0.0344394 0.564492 -8.2835 -0.0757388 0.982427 0.170591 32.5731 -0.560447 -0.183444 0.807618 795.557
0.824581 -0.0337814 0.564734 -8.04099 -0.0763889 0.982426 0.170304 32.6118 -0.560562 -0.183569 0.80751 795.896
0.824358 -0.0332624 0.565091 -7.79706 -0.075932 0.982753 0.168617 32.651 -0.560953 -0.181909 0.807614 796.239
0.824264 -0.0331968 0.565232 -7.57534 -0.0756532 0.982871 0.168049 32.6862 -0.561129 -0.181278 0.807634 796.549
0.824224 -0.0333833 0.56528 -7.30121 -0.0758735 0.982748 0.168667 32.7297 -0.561158 -0.181909 0.807472 796.93
0.824224 -0.0344157 0.565217 -7.04935 -0.0749853 0.982728 0.169184 32.7693 -0.561277 -0.181829 0.807407 797.279
0.824136 -0.0342173 0.565357 -6.79833 -0.0753669 0.982672 0.169339 32.8095 -0.561355 -0.182167 0.807276 797.629
0.824168 -0.0347917 0.565276 -6.54795 -0.0756078 0.982418 0.170702 32.8497 -0.561276 -0.183426 0.807047 797.977
0.824197 -0.0352872 0.565203 -6.29751 -0.0754341 0.982322 0.171329 32.8897 -0.561257 -0.183845 0.806964 798.325
0.824097 -0.0360832 0.565299 -6.04781 -0.075533 0.982057 0.172798 32.9291 -0.56139 -0.185101 0.806584 798.67
0.823993 -0.0360759 0.56545 -5.8016 -0.0773172 0.981477 0.175288 32.9685 -0.5613 -0.188155 0.805941 799.012
0.823644 -0.034996 0.566026 -5.32002 -0.078066 0.981596 0.174286 33.0494 -0.561708 -0.187737 0.805753 799.692
0.823475 -0.0346853 0.566291 -5.08125 -0.0790733 0.981371 0.175094 33.0906 -0.561815 -0.188964 0.805392 800.029
0.823302 -0.0344012 0.56656 -4.84395 -0.0793014 0.9814 0.174827 33.1318 -0.562037 -0.188865 0.805261 800.363
0.823398 -0.0352037 0.566371 -4.60723 -0.0801428 0.980856 0.17748 33.1735 -0.561776 -0.191527 0.804814 800.694
0.823364 -0.0360957 0.566364 -4.37095 -0.0787967 0.981038 0.177076 33.2144 -0.562016 -0.190426 0.804907 801.024
0.823374 -0.0370067 0.566291 -4.13488 -0.0785782 0.980825 0.178347 33.2553 -0.562033 -0.191344 0.804678 801.352
0.823107 -0.0369412 0.566684 -3.90089 -0.0795362 0.980547 0.179446 33.2968 -0.562289 -0.192775 0.804157 801.681
0.8228 -0.0360269 0.567188 -3.69312 -0.0810772 0.980341 0.179885 33.334 -0.562519 -0.193996 0.803703 801.974
0.822423 -0.0342674 0.567844 -3.44349 -0.083444 0.980121 0.180001 33.3796 -0.562724 -0.19542 0.803214 802.329
0.822027 -0.0330175 0.56849 -3.21901 -0.0842095 0.980293 0.1787 33.4216 -0.563187 -0.194769 0.803048 802.647
0.822106 -0.0339936 0.568319 -2.99449 -0.0832454 0.980311 0.179056 33.4637 -0.563216 -0.194513 0.803089 802.96
0.822152 -0.0362034 0.568115 -2.55214 -0.0823797 0.979904 0.181661 33.5475 -0.563275 -0.196154 0.802648 803.572
0.821614 -0.0354355 0.568942 -2.33808 -0.0818408 0.980394 0.179249 33.5887 -0.564139 -0.193836 0.802605 803.873
0.82123 -0.0350504 0.56952 -2.12685 -0.0816315 0.980628 0.178062 33.6286 -0.564728 -0.19272 0.802459 804.169
0.821056 -0.035462 0.569745 -1.93794 -0.0810771 0.980706 0.177881 33.6639 -0.565061 -0.192243 0.80234 804.431
0.820721 -0.0358881 0.570201 -1.70949 -0.0811757 0.980575 0.178557 33.7066 -0.565533 -0.192832 0.801865 804.748
0.820385 -0.0359254 0.570681 -1.50543 -0.0811951 0.980593 0.178453 33.7444 -0.566017 -0.192736 0.801547 805.032
0.819944 -0.0353888 0.571348 -1.30514 -0.0812133 0.9808 0.177299 33.782 -0.566653 -0.191777 0.801328 805.312
0.819421 -0.0344155 0.572158 -1.10856 -0.0819271 0.980915 0.176335 33.8187 -0.567307 -0.191368 0.800963 805.587
0.819203 -0.034723 0.572451 -0.913659 -0.0809055 0.981186 0.175295 33.8544 -0.567768 -0.189917 0.800981 805.859
0.819195 -0.0352678 0.57243 -0.719431 -0.0812616 0.9809 0.176726 33.8896 -0.567729 -0.19129 0.800682 806.127
0.818839 -0.0359973 0.572894 -0.526814 -0.0806853 0.980906 0.176958 33.9242 -0.568325 -0.191124 0.800299 806.393
0.818414 -0.0348196 0.573573 -0.338052 -0.0821491 0.98082 0.176758 33.9585 -0.568727 -0.19178 0.799857 806.656
0.818292 -0.0351831 0.573725 -0.169431 -0.0817218 0.980865 0.176708 33.99 -0.568964 -0.191485 0.799758 806.891
0.818131 -0.0353307 0.573946 0.0356926 -0.0818036 0.980808 0.176983 34.0278 -0.569184 -0.191746 0.799539 807.174
0.81796 -0.036843 0.574094 0.221687 -0.0808156 0.980691 0.178082 34.0617 -0.56957 -0.192059 0.799189 807.429
0.817642 -0.0361568 0.574591 0.404119 -0.0817528 0.980621 0.178041 34.0948 -0.569894 -0.192548 0.798841 807.682
0.817385 -0.0365367 0.574932 0.584382 -0.0814013 0.980649 0.178049 34.127 -0.570312 -0.192335 0.798594 807.931
0.817157 -0.0360766 0.575286 0.761878 -0.0816448 0.980733 0.177474 34.1586 -0.570604 -0.191993 0.798467 808.178
0.817066 -0.0362198 0.575405 0.938064 -0.0826467 0.980359 0.179067 34.1913 -0.570589 -0.193865 0.798025 808.422
0.816708 -0.0357874 0.575941 1.09454 -0.0827322 0.980502 0.178244 34.2197 -0.57109 -0.193222 0.797823 808.639
0.816313 -0.0356011 0.576512 1.28407 -0.0831769 0.980451 0.17832 34.2537 -0.57159 -0.193517 0.797394 808.902
0.816253 -0.0359537 0.576575 1.45541 -0.0828178 0.980469 0.178384 34.2841 -0.571728 -0.193357 0.797333 809.138
0.816208 -0.0364685 0.576605 1.60878 -0.0821092 0.980554 0.178246 34.3118 -0.571893 -0.19283 0.797342 809.349
0.816208 -0.0374479 0.576543 1.79457 -0.0818357 0.980343 0.17953 34.3464 -0.571933 -0.193716 0.797099 809.604
0.815939 -0.0372076 0.576939 1.96125 -0.0822152 0.980317 0.179495 34.3765 -0.572262 -0.19389 0.79682 809.834
0.815587 -0.0366368 0.577474 2.1257 -0.0830362 0.980254 0.179466 34.4056 -0.572646 -0.194321 0.79644 810.063
0.815664 -0.0377668 0.577291 2.28998 -0.0820202 0.980238 0.180016 34.4345 -0.572682 -0.194182 0.796448 810.287
0.815582 -0.0386655 0.577349 2.45339 -0.0808493 0.980363 0.179866 34.4627 -0.572966 -0.193374 0.79644 810.508
0.815217 -0.0386999 0.577861 2.59931 -0.0812361 0.98026 0.180253 34.4877 -0.57343 -0.193888 0.795981 810.705
0.815093 -0.0393698 0.577991 2.76022 -0.0807981 0.980212 0.18071 34.515 -0.573668 -0.193996 0.795783 810.921
0.814982 -0.0392355 0.578156 2.93481 -0.0809896 0.980201 0.180684 34.5435 -0.573798 -0.194079 0.795669 811.158
0.814542 -0.0386211 0.578817 3.09135 -0.0814322 0.980289 0.180005 34.5693 -0.57436 -0.193756 0.795342 811.371
0.814059 -0.0376454 0.57956 3.24572 -0.0822351 0.980372 0.179189 34.5955 -0.57493 -0.193531 0.794985 811.581
0.81392 -0.0372686 0.57978 3.39923 -0.0821402 0.980534 0.178341 34.6211 -0.575141 -0.192779 0.795015 811.79
0.813776 -0.0373948 0.579975 3.55205 -0.0820005 0.980557 0.17828 34.6466 -0.575365 -0.192638 0.794887 811.996
0.813514 -0.0375417 0.580333 3.70383 -0.0820464 0.980524 0.178443 34.671 -0.575729 -0.19278 0.794589 812.2
0.8133 -0.037933 0.580607 3.8398 -0.0818073 0.980505 0.178653 34.6931 -0.576066 -0.192797 0.794341 812.381
0.813066 -0.0386981 0.580883 4.00567 -0.081963 0.980241 0.180027 34.72 -0.576372 -0.193985 0.793829 812.601
0.813671 -0.0467725 0.579441 4.14567 -0.0729342 0.980668 0.181576 34.7384 -0.576732 -0.190005 0.79453 812.771
0.813385 -0.057325 0.578894 4.32029 -0.0588897 0.981906 0.179977 34.7569 -0.578737 -0.180482 0.795292 812.974
0.812207 -0.0635676 0.579896 4.47811 -0.0514114 0.982378 0.179694 34.7745 -0.5811 -0.175762 0.794626 813.164
0.811504 -0.0659673 0.580611 4.63378 -0.0481214 0.982688 0.178908 34.7949 -0.582362 -0.173124 0.794281 813.363
0.811137 -0.0669315 0.581013 4.7902 -0.0470362 0.982747 0.178876 34.8177 -0.582961 -0.172422 0.793994 813.567
0.80992 -0.0667756 0.582727 4.94965 -0.047308 0.982824 0.178376 34.8425 -0.584629 -0.172038 0.79285 813.775
0.808747 -0.0656971 0.584477 5.09584 -0.0491617 0.982714 0.178486 34.8672 -0.586099 -0.173084 0.791536 813.966
0.806695 -0.0554655 0.588359 5.26764 -0.0576898 0.98344 0.171809 34.8942 -0.588145 -0.172539 0.790137 814.208
0.805632 -0.0516191 0.590164 5.42993 -0.0617498 0.983453 0.170313 34.922 -0.58919 -0.173652 0.789114 814.431
0.804756 -0.0483487 0.591634 5.5874 -0.0659657 0.98322 0.170078 34.9529 -0.589929 -0.175898 0.788063 814.635
0.805384 -0.0520774 0.590461 5.79417 -0.0677681 0.981512 0.179002 34.9898 -0.588867 -0.18418 0.786965 814.885
0.806691 -0.0527004 0.588618 5.98714 -0.0734772 0.979343 0.188382 35.0219 -0.586387 -0.195216 0.786156 815.121
0.806424 -0.0497107 0.589245 6.1767 -0.0814748 0.977616 0.193979 35.0551 -0.585698 -0.204438 0.784323 815.364
0.806604 -0.0509516 0.588892 6.36929 -0.0832064 0.97657 0.198462 35.0868 -0.585206 -0.20908 0.783466 815.604
0.807713 -0.0565002 0.586862 6.55011 -0.0791945 0.975979 0.20296 35.1145 -0.584232 -0.21041 0.783837 815.815
0.80733 -0.0602921 0.587013 6.75184 -0.0752674 0.97612 0.203774 35.147 -0.585281 -0.208696 0.783513 816.052
0.804777 -0.056253 0.590905 6.94712 -0.0785324 0.976657 0.199932 35.1788 -0.588359 -0.207306 0.781574 816.3
0.802927 -0.0468498 0.594234 7.15892 -0.0883131 0.976555 0.196321 35.2159 -0.589499 -0.21011 0.779965 816.583
0.802197 -0.043206 0.595495 7.3579 -0.0886694 0.977697 0.190384 35.2564 -0.590439 -0.205528 0.780474 816.836
0.798998 -0.0404804 0.59997 7.5622 -0.0905273 0.978263 0.186562 35.2981 -0.594481 -0.203376 0.777966 817.088
0.79459 -0.0350818 0.606132 7.76703 -0.0936354 0.979305 0.179429 35.3403 -0.599883 -0.199328 0.774861 817.345
0.792823 -0.032484 0.608586 7.95759 -0.0943349 0.980003 0.175202 35.3753 -0.602107 -0.196315 0.773904 817.579
0.792271 -0.0342016 0.60921 8.20231 -0.0937366 0.979754 0.176908 35.4126 -0.602926 -0.197264 0.773025 817.866
0.790652 -0.0364899 0.611178 8.40747 -0.0935755 0.979293 0.179522 35.4421 -0.605073 -0.199131 0.770866 818.101
0.788084 -0.037095 0.614449 8.65851 -0.0941243 0.979183 0.179837 35.4782 -0.608329 -0.199561 0.768187 818.392
0.7864 -0.0358376 0.616677 8.90858 -0.0959628 0.979108 0.179274 35.5162 -0.610218 -0.200159 0.766532 818.685
0.784981 -0.0349363 0.618533 9.09119 -0.0962082 0.979422 0.177418 35.5452 -0.612003 -0.198778 0.765467 818.899
0.782943 -0.0341247 0.621157 9.34618 -0.0952922 0.980132 0.173958 35.5853 -0.614752 -0.19539 0.764135 819.194
0.781278 -0.0355811 0.623168 9.5839 -0.0931256 0.980555 0.17274 35.6216 -0.617197 -0.192991 0.762773 819.464
0.779803 -0.037113 0.624924 9.82571 -0.0920637 0.980589 0.173116 35.6595 -0.619218 -0.192529 0.76125 819.738
0.778199 -0.0375139 0.626897 10.0451 -0.0920229 0.980629 0.172914 35.6943 -0.621239 -0.19225 0.759672 819.989
0.776061 -0.0350715 0.629682 10.2894 -0.0947004 0.980651 0.171334 35.7339 -0.623507 -0.192597 0.757724 820.274
0.773709 -0.0324275 0.632711 10.5617 -0.097901 0.980573 0.169974 35.778 -0.625931 -0.193454 0.755504 820.591
0.772213 -0.0313582 0.634589 10.7895 -0.0994643 0.9805 0.169486 35.8146 -0.62753 -0.193999 0.754036 820.852
0.77053 -0.0317151 0.636614 11.0742 -0.100797 0.980131 0.170829 35.859 -0.629383 -0.195798 0.752024 821.171
0.768934 -0.0328629 0.638484 11.3376 -0.100774 0.979964 0.171802 35.8993 -0.631337 -0.196447 0.750215 821.464
0.767315 -0.0328025 0.640431 11.6032 -0.101401 0.97992 0.171681 35.9403 -0.633202 -0.196674 0.748581 821.759
0.765411 -0.0315316 0.642769 11.8705 -0.10277 0.979992 0.170453 35.9815 -0.635283 -0.196524 0.746856 822.058
0.763533 -0.0302086 0.645062 12.1133 -0.103426 0.98029 0.168329 36.0194 -0.637433 -0.195241 0.745359 822.328
0.761634 -0.029157 0.647351 12.3866 -0.104493 0.980387 0.167098 36.0624 -0.639527 -0.194911 0.74365 822.633
0.75955 -0.0285068 0.649824 12.6916 -0.104698 0.980654 0.165397 36.1114 -0.641968 -0.193662 0.741871 822.971
0.757619 -0.0283524 0.652081 12.9734 -0.105361 0.980641 0.165052 36.1558 -0.644137 -0.19375 0.739965 823.28
0.755928 -0.0299778 0.653968 13.2603 -0.103375 0.980952 0.164459 36.2 -0.646442 -0.191923 0.73843 823.591
0.755156 -0.0360439 0.654554 13.5558 -0.0989257 0.980787 0.168138 36.2461 -0.648038 -0.191723 0.737081 823.901
0.754282 -0.0356296 0.655583 13.8479 -0.101062 0.980325 0.169556 36.2909 -0.648726 -0.194148 0.735841 824.219
0.753059 -0.0312863 0.657208 14.1371 -0.105793 0.980114 0.167881 36.3349 -0.649392 -0.195952 0.734774 824.544
0.751432 -0.0306116 0.6591 14.4331 -0.105026 0.980638 0.165285 36.3807 -0.651398 -0.193423 0.733668 824.869
0.751037 -0.0304361 0.659558 14.7337 -0.106028 0.980413 0.165976 36.4276 -0.651691 -0.194585 0.7331 825.195
0.750869 -0.0312009 0.659714 15.0384 -0.104616 0.980654 0.165451 36.475 -0.652113 -0.193249 0.733078 825.524
0.751489 -0.0353035 0.658801 15.3492 -0.102132 0.980304 0.169033 36.5259 -0.651793 -0.194311 0.733082 825.853
0.750415 -0.0360401 0.659984 15.6601 -0.10542 0.979204 0.173337 36.5761 -0.652506 -0.19965 0.73101 826.189
0.748666 -0.0334766 0.662102 15.97 -0.10688 0.979565 0.170382 36.6233 -0.654275 -0.198324 0.729788 826.531
0.748841 -0.032872 0.661934 16.2838 -0.104609 0.980387 0.167029 36.6705 -0.654442 -0.194322 0.730715 826.871
0.747916 -0.0332669 0.662959 16.6015 -0.104841 0.980287 0.167466 36.7188 -0.655461 -0.194756 0.729685 827.215
0.747002 -0.0329945 0.664003 16.8902 -0.105581 0.980205 0.167485 36.7646 -0.656384 -0.195218 0.728731 827.527
0.746853 -0.0333129 0.664154 17.2462 -0.103975 0.980611 0.166107 36.822 -0.65681 -0.193113 0.728909 827.91
0.746469 -0.0325689 0.664623 17.5719 -0.103276 0.981028 0.164068 36.8728 -0.657357 -0.191111 0.728943 828.263
0.745993 -0.0314269 0.665211 17.9007 -0.104531 0.980978 0.16357 36.9207 -0.657698 -0.191558 0.728518 828.619
0.745159 -0.0289115 0.66626 18.2301 -0.104568 0.981637 0.159547 36.966 -0.658638 -0.188557 0.728452 828.978
0.745147 -0.0292843 0.666257 18.5626 -0.102896 0.982024 0.158242 37.0148 -0.658915 -0.186469 0.728739 829.34
0.745302 -0.0306847 0.66602 18.8993 -0.10058 0.982334 0.157811 37.0669 -0.659096 -0.184605 0.729049 829.704
0.744782 -0.0300937 0.666629 19.2374 -0.100683 0.982479 0.156839 37.1179 -0.659668 -0.18393 0.728703 830.072
0.744257 -0.0289143 0.667267 19.5424 -0.100785 0.98276 0.154999 37.1617 -0.660245 -0.18261 0.728512 830.407
0.744011 -0.0274185 0.667604 19.918 -0.101748 0.982856 0.153759 37.2128 -0.660374 -0.182326 0.728466 830.819
0.743861 -0.0270607 0.667786 20.2633 -0.101672 0.982968 0.153088 37.26 -0.660556 -0.181771 0.728441 831.197
0.743714 -0.0270005 0.667953 20.6106 -0.101101 0.983148 0.152309 37.3097 -0.660809 -0.180805 0.728451 831.574
0.743649 -0.0275996 0.668 20.9252 -0.0994191 0.983474 0.151312 37.3538 -0.661137 -0.178935 0.728615 831.915
0.743519 -0.0279102 0.668132 21.3126 -0.0985098 0.983657 0.150716 37.406 -0.661419 -0.177878 0.728618 832.335
0.743605 -0.0292273 0.66798 21.668 -0.0973894 0.983655 0.151455 37.452 -0.661489 -0.177677 0.728604 832.719
0.743482 -0.0294985 0.668105 22.0266 -0.0965603 0.983823 0.150893 37.5093 -0.661748 -0.176698 0.728606 833.12
0.743405 -0.0304229 0.668149 22.3862 -0.0943162 0.984215 0.149754 37.5692 -0.662158 -0.174345 0.728801 833.527
0.743358 -0.0312194 0.668165 22.7477 -0.0914812 0.984779 0.147789 37.6277 -0.662608 -0.170985 0.729187 833.936
0.743193 -0.0311078 0.668354 23.1107 -0.0905253 0.985058 0.14651 37.686 -0.662925 -0.169388 0.729272 834.348
0.743232 -0.0321834 0.668259 23.439 -0.0884332 0.985352 0.145809 37.7374 -0.663163 -0.167466 0.729499 834.719
0.743277 -0.0329471 0.668172 23.8051 -0.0859795 0.985798 0.144253 37.7941 -0.663435 -0.164669 0.729889 835.132
0.743211 -0.0340599 0.66819 24.2103 -0.0846065 0.985902 0.14436 37.8557 -0.663686 -0.163823 0.729851 835.589
0.743145 -0.0343339 0.668248 24.5797 -0.0836495 0.986081 0.143689 37.9106 -0.663881 -0.16268 0.72993 836.006
0.743097 -0.034957 0.66827 24.9496 -0.0817085 0.986423 0.142457 37.9643 -0.664176 -0.160463 0.730152 836.423
0.743289 -0.0359336 0.668005 25.2842 -0.080419 0.986515 0.142549 38.0122 -0.66412 -0.159675 0.730376 836.8
0.743359 -0.0372375 0.667856 25.6954 -0.0780112 0.986809 0.141852 38.0622 -0.664328 -0.157547 0.730648 837.251
0.743368 -0.0382424 0.667788 26.0324 -0.07597 0.987077 0.141096 38.0999 -0.664554 -0.155618 0.730856 837.617
0.74364 -0.0389192 0.667446 26.4451 -0.0743087 0.987308 0.140362 38.1462 -0.664437 -0.153976 0.73131 838.066
0.744102 -0.039443 0.6669 26.8214 -0.0742853 0.98718 0.14127 38.1884 -0.663923 -0.15466 0.731633 838.477
0.744534 -0.039427 0.66642 27.1971 -0.0737099 0.987296 0.140761 38.2301 -0.663503 -0.153923 0.732169 838.89
0.745497 -0.0402671 0.665291 27.5738 -0.0732603 0.987175 0.141842 38.2707 -0.66247 -0.154482 0.732986 839.303
0.746942 -0.0427829 0.663511 27.9519 -0.0709528 0.9871 0.143522 38.3115 -0.661092 -0.154281 0.734272 839.717
0.748156 -0.043028 0.662126 28.2904 -0.0715918 0.986835 0.145023 38.3493 -0.659649 -0.155903 0.735226 840.092
0.749363 -0.0427216 0.660779 28.7011 -0.0701362 0.987182 0.143363 38.3944 -0.658434 -0.153776 0.736762 840.553
0.750504 -0.0420562 0.659527 29.0367 -0.0695139 0.987413 0.142068 38.4304 -0.6572 -0.152468 0.738134 840.932
0.751939 -0.0420503 0.657891 29.4105 -0.0687045 0.98753 0.141646 38.468 -0.655643 -0.151709 0.739673 841.351
0.753488 -0.0427868 0.656068 29.823 -0.0657412 0.987976 0.139936 38.5077 -0.654167 -0.148571 0.741615 841.812
0.754672 -0.0431226 0.654683 30.1975 -0.0631259 0.988436 0.137873 38.543 -0.653058 -0.145377 0.743223 842.234
0.755737 -0.0423892 0.653501 30.5701 -0.0625609 0.988666 0.136478 38.5773 -0.65188 -0.144025 0.74452 842.657
0.756867 -0.0413764 0.652258 30.9401 -0.0630181 0.988724 0.135845 38.6109 -0.650524 -0.143921 0.745725 843.08
0.757677 -0.0402437 0.651387 31.3069 -0.062678 0.988996 0.134007 38.6434 -0.649613 -0.142362 0.746818 843.5
0.758276 -0.0404618 0.650677 31.6721 -0.0627495 0.988908 0.134621 38.676 -0.648907 -0.142909 0.747327 843.915
0.758781 -0.0410329 0.650052 32.0346 -0.0631165 0.988685 0.136082 38.7084 -0.648281 -0.144285 0.747605 844.327
0.759181 -0.0407101 0.649605 32.3913 -0.0648225 0.988351 0.137696 38.7402 -0.647643 -0.146645 0.747699 844.734
0.75947 -0.0411652 0.649238 32.7421 -0.0641244 0.988399 0.137682 38.7712 -0.647374 -0.146197 0.74802 845.135
0.759682 -0.040561 0.649029 33.0527 -0.0643414 0.988467 0.137085 38.7972 -0.647104 -0.145901 0.748311 845.49
0.760173 -0.0411059 0.648419 33.427 -0.0653107 0.988107 0.139207 38.829 -0.64643 -0.14817 0.748448 845.917
0.760243 -0.0397307 0.648423 33.7598 -0.0652412 0.988413 0.137055 38.8579 -0.646355 -0.146499 0.748841 846.3
0.760472 -0.0395842 0.648163 34.0546 -0.0653282 0.988413 0.137011 38.8837 -0.646076 -0.146537 0.749074 846.638
0.761005 -0.0399027 0.647518 34.378 -0.0654112 0.988301 0.137779 38.9121 -0.64544 -0.147205 0.749491 847.009
0.761481 -0.0402737 0.646935 34.6965 -0.0655085 0.988176 0.138625 38.9398 -0.644868 -0.14794 0.749839 847.374
0.761759 -0.0410129 0.646561 35.0398 -0.0646758 0.988195 0.138883 38.9693 -0.644624 -0.147612 0.750114 847.769
0.762185 -0.0416226 0.64602 35.3153 -0.0642888 0.988131 0.139513 38.993 -0.64416 -0.147867 0.750462 848.085
0.762401 -0.0422005 0.645728 35.616 -0.0636712 0.988137 0.139754 39.0189 -0.643965 -0.147663 0.750669 848.432
0.76271 -0.0423303 0.645354 35.9401 -0.0634258 0.98815 0.139775 39.0467 -0.643623 -0.14754 0.750987 848.807
0.76301 -0.0422936 0.645002 36.2284 -0.063315 0.988168 0.139694 39.074 -0.643279 -0.147426 0.751304 849.141
0.763432 -0.043132 0.644446 36.5121 -0.0624375 0.988166 0.140102 39.1023 -0.642863 -0.147196 0.751705 849.469
0.763981 -0.044289 0.643717 36.7639 -0.0625013 0.987871 0.142146 39.1278 -0.642204 -0.14883 0.751946 849.759
0.764503 -0.0463331 0.642953 37.04 -0.0620576 0.987491 0.144951 39.1554 -0.641626 -0.150716 0.752064 850.075
0.764439 -0.0441147 0.643186 37.3328 -0.0641629 0.987497 0.143989 39.1832 -0.641496 -0.15134 0.75205 850.418
0.76373 -0.0389672 0.644359 37.5873 -0.0662797 0.988168 0.138317 39.2045 -0.642124 -0.148345 0.75211 850.726
0.763613 -0.0345309 0.64475 37.8368 -0.0686153 0.988575 0.13421 39.2259 -0.642018 -0.146724 0.752519 851.027
0.763703 -0.0319717 0.644775 38.0831 -0.0700976 0.988761 0.132056 39.2486 -0.64175 -0.146048 0.752879 851.32
0.764037 -0.0310923 0.644423 38.3262 -0.0701786 0.988906 0.130918 39.2734 -0.641345 -0.145251 0.753378 851.606
0.765408 -0.0361177 0.642531 38.5684 -0.0661789 0.988713 0.134412 39.2985 -0.640134 -0.145402 0.754379 851.882
0.766114 -0.041211 0.641382 38.8061 -0.0603433 0.988922 0.13562 39.3216 -0.639866 -0.142603 0.75514 852.148
0.765468 -0.0410391 0.642165 39.0119 -0.059891 0.989088 0.134601 39.3398 -0.640681 -0.141492 0.754657 852.387
0.764909 -0.0384781 0.642988 39.2333 -0.06422 0.988685 0.135563 39.3577 -0.640929 -0.144986 0.753784 852.653
0.764326 -0.0269151 0.644268 39.4664 -0.0765404 0.988278 0.13209 39.3786 -0.640271 -0.150273 0.753307 852.948
0.763421 -0.0196437 0.645602 39.674 -0.0802312 0.988912 0.124963 39.395 -0.640898 -0.147197 0.753381 853.212
0.764292 -0.0246682 0.644398 39.8914 -0.0727382 0.989593 0.124154 39.408 -0.640755 -0.141762 0.754544 853.46
0.764175 -0.0277679 0.64441 40.1107 -0.0667132 0.990312 0.121785 39.4216 -0.641549 -0.136056 0.75492 853.707
0.765079 -0.0367007 0.64289 40.3366 -0.0588857 0.990204 0.126606 39.4395 -0.641238 -0.13472 0.755423 853.955
0.76623 -0.0404477 0.641292 40.541 -0.0585903 0.989462 0.132413 39.4615 -0.639889 -0.139032 0.755786 854.184
0.766062 -0.041049 0.641454 40.7644 -0.0618334 0.988624 0.137111 39.4903 -0.639785 -0.144699 0.754809 854.445
0.765936 -0.039038 0.641731 40.9862 -0.0666818 0.987948 0.139687 39.5185 -0.63945 -0.149783 0.754101 854.708
0.765153 -0.0341338 0.642943 41.2056 -0.0718901 0.98782 0.137998 39.5444 -0.639822 -0.151811 0.75338 854.971
0.764139 -0.0275716 0.644462 41.4468 -0.0782585 0.987744 0.135049 39.5665 -0.640287 -0.153631 0.752616 855.264
0.765712 -0.0301859 0.642475 41.6779 -0.0822499 0.986101 0.144357 39.5845 -0.637903 -0.16338 0.752587 855.527
0.766465 -0.0325693 0.641459 41.9115 -0.0850966 0.98476 0.15168 39.6062 -0.636623 -0.170843 0.752013 855.788
0.766649 -0.035114 0.641105 42.1439 -0.0849837 0.984169 0.15553 39.6349 -0.636417 -0.17372 0.751528 856.05
0.766922 -0.0345954 0.640807 42.3502 -0.0854462 0.98415 0.155394 39.6656 -0.636026 -0.17393 0.75181 856.288
0.76725 -0.0345659 0.640417 42.5811 -0.083878 0.984562 0.153631 39.7 -0.63584 -0.17159 0.752505 856.556
0.767258 -0.0324124 0.640519 42.8404 -0.0873033 0.984147 0.154379 39.7355 -0.635369 -0.174368 0.752265 856.859
0.766707 -0.0289589 0.641343 43.0546 -0.0910615 0.983976 0.153291 39.7633 -0.635506 -0.175931 0.751785 857.113
0.766076 -0.0227869 0.642346 43.318 -0.0999446 0.982993 0.154067 39.7986 -0.634932 -0.182226 0.750769 857.429
0.765672 -0.0193215 0.642941 43.5594 -0.100872 0.983575 0.149685 39.8276 -0.635272 -0.179464 0.751147 857.714
0.765951 -0.0203987 0.642576 43.8061 -0.0959012 0.984688 0.145574 39.8563 -0.635706 -0.173126 0.752267 857.996
0.766606 -0.0243062 0.641658 44.0588 -0.0901398 0.985315 0.145016 39.8869 -0.63576 -0.169009 0.753157 858.277
0.766559 -0.0254686 0.641668 44.3136 -0.0874111 0.985775 0.143551 39.9184 -0.636197 -0.166129 0.753429 858.565
0.766137 -0.0226818 0.642277 44.5405 -0.0886869 0.986084 0.140613 39.9465 -0.636528 -0.16469 0.753464 858.83
0.765208 -0.0169168 0.643561 44.7896 -0.0908293 0.986818 0.133938 39.9761 -0.637344 -0.160944 0.753584 859.129
0.764443 -0.0124254 0.644571 45.0648 -0.0904269 0.987864 0.126287 40.008 -0.638318 -0.154826 0.754042 859.457
0.764533 -0.0106936 0.644496 45.3223 -0.0896571 0.988379 0.122755 40.033 -0.638319 -0.151634 0.754689 859.756
0.76508 -0.0128036 0.643808 45.5583 -0.0893679 0.988016 0.125851 40.0562 -0.637703 -0.153822 0.754767 860.023
0.766449 -0.0176694 0.642062 45.8493 -0.0870807 0.987534 0.131128 40.0901 -0.636375 -0.156414 0.755355 860.347
0.767817 -0.020079 0.640354 46.1122 -0.0873074 0.986905 0.135631 40.1258 -0.634692 -0.160048 0.756009 860.645
0.768612 -0.0186264 0.639444 46.3691 -0.0912951 0.986151 0.138462 40.1597 -0.633167 -0.164802 0.756267 860.947
0.769337 -0.0138208 0.638694 46.6195 -0.0972869 0.98557 0.138514 40.188 -0.631392 -0.1687 0.756891 861.251
0.770518 -0.0110736 0.637322 46.8421 -0.100793 0.985153 0.138975 40.2093 -0.629399 -0.17132 0.757962 861.52
0.77193 -0.00934425 0.635639 47.1114 -0.101782 0.985176 0.138089 40.2356 -0.627507 -0.171292 0.759536 861.842
0.773444 -0.0108761 0.633772 47.3312 -0.0995989 0.985347 0.138458 40.2595 -0.625991 -0.170213 0.761027 862.101
0.775676 -0.0130938 0.630995 47.5977 -0.0963226 0.985616 0.138861 40.2943 -0.623737 -0.16849 0.763258 862.414
0.77773 -0.0134175 0.628455 47.8356 -0.0944566 0.985926 0.137942 40.3303 -0.621461 -0.166643 0.765517 862.7
0.780073 -0.0122303 0.625569 48.0717 -0.0940771 0.98615 0.136592 40.3661 -0.618576 -0.165404 0.768118 862.992
0.782554 -0.0101281 0.622501 48.3079 -0.0966449 0.985771 0.137532 40.3999 -0.615036 -0.167788 0.77044 863.289
0.785343 -0.00906859 0.618995 48.5454 -0.0997701 0.984968 0.141013 40.4318 -0.610969 -0.1725 0.772633 863.59
0.788733 -0.00986771 0.614657 48.7832 -0.101184 0.98415 0.145639 40.4644 -0.606351 -0.177064 0.775233 863.891
0.793079 -0.0131555 0.608977 49.0206 -0.0984718 0.983847 0.149495 40.497 -0.601106 -0.178528 0.778973 864.191
0.797512 -0.0152317 0.603111 49.2546 -0.096863 0.98348 0.152923 40.5302 -0.595477 -0.180377 0.782861 864.493
0.801725 -0.016256 0.597473 49.4834 -0.0940177 0.983755 0.152925 40.5632 -0.590253 -0.178776 0.787173 864.798
0.805419 -0.0153666 0.592506 49.6854 -0.0932728 0.983922 0.152308 40.5932 -0.585321 -0.177936 0.791036 865.075
0.810356 -0.0165581 0.585704 49.9298 -0.0904093 0.984096 0.152907 40.6302 -0.578921 -0.176862 0.795971 865.413
0.815482 -0.0182623 0.578494 50.1478 -0.0859435 0.984601 0.152234 40.6633 -0.572366 -0.173862 0.801355 865.718
0.821004 -0.0211854 0.57053 50.3393 -0.0805367 0.985021 0.152471 40.6928 -0.565214 -0.171128 0.807 865.992
0.827432 -0.0201 0.561206 50.5413 -0.0793068 0.985161 0.152213 40.7251 -0.555937 -0.170453 0.81356 866.302
0.834971 -0.0209877 0.549893 50.7344 -0.0765767 0.985119 0.153875 40.7556 -0.54494 -0.17059 0.820938 866.612
0.844191 -0.023257 0.535538 50.9387 -0.0716186 0.985208 0.15568 40.7878 -0.531237 -0.169778 0.830038 866.95
0.853656 -0.0271713 0.520127 51.1163 -0.066162 0.984891 0.160038 40.818 -0.516617 -0.171031 0.838961 867.257
0.864104 -0.0293077 0.50246 51.281 -0.0621915 0.984436 0.164374 40.8487 -0.499457 -0.173285 0.848832 867.567
0.875234 -0.0295993 0.482793 51.4298 -0.0599837 0.98378 0.169056 40.8789 -0.479966 -0.176923 0.859262 867.879
0.886844 -0.0314027 0.461001 51.566 -0.0549716 0.983432 0.172741 40.9072 -0.458788 -0.178536 0.870424 868.189
0.89879 -0.034288 0.437036 51.6914 -0.0488629 0.982888 0.177603 40.9356 -0.435648 -0.180982 0.881735 868.496
0.910455 -0.0382979 0.411831 51.8037 -0.0402822 0.98276 0.180445 40.9642 -0.411642 -0.180876 0.893216 868.801
0.921022 -0.0419466 0.387245 51.8941 -0.0325803 0.982404 0.183904 40.989 -0.388145 -0.181996 0.903449 869.073
0.932542 -0.0465264 0.358051 51.9811 -0.0222319 0.982382 0.185557 41.0131 -0.360376 -0.181 0.915078 869.373
0.943207 -0.0502028 0.328389 52.0522 -0.0124871 0.982459 0.18606 41.0349 -0.331969 -0.179594 0.926036 869.668
0.952925 -0.0532538 0.298492 52.1091 -0.00241486 0.983091 0.183102 41.0555 -0.303196 -0.175203 0.936684 869.958
0.962833 -0.0551815 0.264401 52.1561 0.00647388 0.983342 0.181652 41.0805 -0.27002 -0.173189 0.947151 870.272
0.970788 -0.0570659 0.233056 52.1854 0.0147791 0.983683 0.179302 41.1052 -0.239485 -0.17062 0.955791 870.552
0.977817 -0.0595209 0.200828 52.2053 0.0237536 0.984102 0.176011 41.1273 -0.208112 -0.167336 0.963685 870.825
0.983742 -0.0641564 0.167734 52.2203 0.0342418 0.983884 0.1755 41.1464 -0.17629 -0.166903 0.970085 871.092
0.987801 -0.0685248 0.139837 52.2277 0.043461 0.983609 0.174996 41.1631 -0.149536 -0.166784 0.974588 871.328
0.99167 -0.0695238 0.108428 52.223 0.0499947 0.983578 0.173423 41.1839 -0.118704 -0.166557 0.978861 871.61
0.994335 -0.0709935 0.0791085 52.21 0.0564379 0.983295 0.173047 41.2021 -0.0900722 -0.167602 0.981731 871.857
0.996065 -0.0734993 0.0495257 52.1915 0.0639102 0.982813 0.17319 41.221 -0.0614038 -0.169343 0.983642 872.099
0.99689 -0.0756598 0.0220321 52.1681 0.0707474 0.98244 0.172648 41.2388 -0.0347077 -0.170552 0.984737 872.333
0.99708 -0.076268 -0.00372204 52.1371 0.0757919 0.982574 0.169716 41.2543 -0.00928669 -0.169502 0.985486 872.556
0.996472 -0.0783028 -0.030189 52.1016 0.0822677 0.982499 0.167115 41.2683 0.0165751 -0.169009 0.985475 872.77
0.995358 -0.0799681 -0.0535417 52.0662 0.0877924 0.982414 0.16479 41.2803 0.0394221 -0.168726 0.984874 872.956
0.9934 -0.0836492 -0.0784793 52.0254 0.0954706 0.982238 0.161533 41.2927 0.0635732 -0.16796 0.983742 873.154
0.990827 -0.0872026 -0.103238 51.9816 0.102926 0.982002 0.158362 41.3047 0.0875702 -0.167535 0.981969 873.344
0.987469 -0.0897136 -0.12983 51.9276 0.109623 0.981753 0.15538 41.3164 0.113521 -0.167666 0.979286 873.542
0.984212 -0.0901701 -0.152302 51.874 0.113388 0.981951 0.15138 41.3252 0.135903 -0.166259 0.976672 873.711
0.980433 -0.0918975 -0.174088 51.82 0.118311 0.981887 0.147989 41.3339 0.157335 -0.16569 0.973546 873.871
0.97596 -0.0952499 -0.196033 51.7664 0.124509 0.981891 0.142784 41.3431 0.178883 -0.163759 0.970146 874.026
0.970357 -0.101166 -0.219484 51.7109 0.133106 0.981731 0.135968 41.3527 0.201719 -0.161152 0.966095 874.181
0.964347 -0.105007 -0.242915 51.649 0.139689 0.981595 0.130225 41.3627 0.22477 -0.159515 0.961267 874.338
0.959015 -0.105601 -0.262944 51.5853 0.142567 0.981773 0.125685 41.3699 0.244879 -0.158021 0.95659 874.478
0.952676 -0.103352 -0.285879 51.5056 0.142538 0.982513 0.119798 41.3752 0.268498 -0.154878 0.950748 874.63
0.945161 -0.101455 -0.310447 51.4204 0.142261 0.983506 0.111705 41.3808 0.293993 -0.149744 0.944005 874.777
0.936362 -0.0982763 -0.336998 51.32 0.141346 0.984302 0.105691 41.3878 0.321321 -0.146599 0.935554 874.94
0.927291 -0.098515 -0.361146 51.2279 0.143881 0.984438 0.100893 41.3951 0.345586 -0.145519 0.927035 875.092
0.917099 -0.100265 -0.385846 51.1344 0.148192 0.984242 0.0964676 41.4026 0.370094 -0.145649 0.917506 875.244
0.906278 -0.102622 -0.410035 51.0368 0.152177 0.984245 0.0900163 41.4103 0.394337 -0.143978 0.907617 875.393
0.896093 -0.103296 -0.43168 50.9442 0.154079 0.984458 0.0842716 41.4158 0.416266 -0.142028 0.898082 875.524
0.884137 -0.102611 -0.455821 50.836 0.154692 0.984851 0.0783481 41.4198 0.440877 -0.139782 0.886616 875.666
0.870148 -0.102507 -0.482011 50.7125 0.156494 0.984975 0.0730388 41.4234 0.467281 -0.138986 0.873116 875.819
0.856356 -0.104141 -0.505776 50.5989 0.159106 0.985014 0.0665724 41.4284 0.491264 -0.137481 0.860092 875.955
0.842934 -0.106191 -0.527432 50.4956 0.161557 0.985045 0.0598732 41.4334 0.513187 -0.13568 0.847485 876.075
0.82545 -0.109142 -0.553823 50.365 0.164828 0.984974 0.0515611 41.4385 0.539874 -0.133847 0.831036 876.216
0.80845 -0.110754 -0.57805 50.2404 0.167901 0.984723 0.0461522 41.4415 0.564107 -0.134367 0.814695 876.338
0.790794 -0.110863 -0.601958 50.1102 0.170455 0.984443 0.0426216 41.4428 0.587869 -0.136312 0.797389 876.455
0.77376 -0.111606 -0.623569 49.9911 0.172924 0.984185 0.0384248 41.4438 0.609419 -0.137562 0.780823 876.553
0.753154 -0.11342 -0.647993 49.8587 0.174914 0.984094 0.031052 41.4455 0.634164 -0.13673 0.761013 876.656
0.728946 -0.116272 -0.674625 49.7131 0.176384 0.984098 0.0209755 41.4474 0.661458 -0.134283 0.737862 876.76
0.708145 -0.118523 -0.696048 49.5932 0.177349 0.984064 0.0128641 41.4484 0.683431 -0.132553 0.71788 876.839
0.685018 -0.120301 -0.718525 49.459 0.177245 0.984158 0.00420484 41.4489 0.706636 -0.130236 0.695488 876.92
0.659868 -0.121977 -0.741415 49.3105 0.176417 0.984303 -0.00492395 41.4486 0.730378 -0.127549 0.671029 877.005
0.636276 -0.123269 -0.761549 49.1741 0.174677 0.984534 -0.0134199 41.4476 0.751426 -0.124486 0.647968 877.076
0.611848 -0.124439 -0.781126 49.0365 0.17292 0.984703 -0.0214243 41.4456 0.771843 -0.121964 0.624006 877.142
0.589718 -0.125497 -0.797799 48.9118 0.170548 0.984926 -0.0288674 41.4434 0.789396 -0.119039 0.602232 877.197
0.564852 -0.126345 -0.815463 48.772 0.167418 0.985203 -0.0366778 41.4411 0.808031 -0.115806 0.577647 877.254
0.539657 -0.127191 -0.832222 48.6314 0.164464 0.985403 -0.0439557 41.4389 0.825665 -0.113149 0.552698 877.307
0.511985 -0.127158 -0.849531 48.4762 0.160438 0.985735 -0.050855 41.4364 0.843879 -0.11026 0.525082 877.359
0.486915 -0.125769 -0.864347 48.3325 0.15566 0.986232 -0.0558151 41.4341 0.859467 -0.107368 0.499788 877.398
0.461715 -0.124223 -0.878287 48.1879 0.149949 0.986826 -0.0607463 41.432 0.874262 -0.103651 0.474259 877.432
0.435612 -0.123967 -0.891557 48.0426 0.143898 0.987324 -0.0669744 41.4309 0.888558 -0.0991182 0.447929 877.464
0.410795 -0.125224 -0.903087 47.9099 0.139184 0.987526 -0.0736205 41.4302 0.901041 -0.0954527 0.4231 877.491
0.379668 -0.127635 -0.916276 47.7442 0.133695 0.98761 -0.0821734 41.4278 0.915411 -0.0913027 0.392028 877.522
0.351368 -0.128342 -0.927399 47.5883 0.127753 0.987867 -0.0883077 41.4232 0.92748 -0.0874495 0.363501 877.545
0.321798 -0.128937 -0.937988 47.4271 0.122047 0.988068 -0.0939494 41.4183 0.938909 -0.0842461 0.333695 877.563
0.294198 -0.128775 -0.947029 47.2773 0.116009 0.988366 -0.0983569 41.4142 0.948678 -0.0809276 0.305715 877.575
0.263161 -0.128151 -0.956203 47.1054 0.108845 0.988754 -0.102558 41.4092 0.958592 -0.0770882 0.27415 877.584
0.228057 -0.127167 -0.965307 46.9087 0.100815 0.989189 -0.106496 41.4026 0.968414 -0.0730302 0.238412 877.588
0.195316 -0.124449 -0.972812 46.72 0.0948177 0.989666 -0.107568 41.3949 0.976146 -0.0712301 0.205098 877.583
0.165851 -0.121598 -0.978625 46.5439 0.0892254 0.990149 -0.107908 41.3868 0.982106 -0.0694215 0.175067 877.575
0.132391 -0.119181 -0.984006 46.3429 0.0838041 0.990536 -0.108697 41.3767 0.987648 -0.0680733 0.141126 877.561
0.0985068 -0.117826 -0.988136 46.1367 0.0788181 0.99077 -0.110283 41.3661 0.99201 -0.0670194 0.106884 877.543
0.0614488 -0.115059 -0.991456 45.9054 0.0733728 0.991167 -0.110478 41.3543 0.99541 -0.0659572 0.0693481 877.514
0.0305542 -0.112831 -0.993144 45.714 0.0684488 0.991512 -0.11054 41.3445 0.997187 -0.0646021 0.038018 877.483
-0.00834444 -0.109588 -0.993942 45.4785 0.0609055 0.992076 -0.109893 41.3329 0.998109 -0.0614535 -0.00160383 877.436
-0.044455 -0.108202 -0.993134 45.2628 0.0537864 0.992416 -0.110531 41.3228 0.997562 -0.0583308 -0.038298 877.386
-0.0812471 -0.107587 -0.99087 45.0459 0.0463544 0.992673 -0.111583 41.3117 0.995615 -0.054997 -0.0756648 877.329
-0.114732 -0.107284 -0.987586 44.8498 0.039993 0.992846 -0.112501 41.3005 0.992591 -0.052404 -0.10962 877.271
-0.155536 -0.105989 -0.982128 44.6124 0.0325278 0.993139 -0.112329 41.285 0.987295 -0.0494177 -0.151021 877.189
-0.189263 -0.105044 -0.976292 44.4204 0.0269318 0.993332 -0.112099 41.2704 0.981557 -0.0475095 -0.185172 877.114
-0.23049 -0.103895 -0.967512 44.1886 0.019384 0.993596 -0.111314 41.251 0.972882 -0.044411 -0.227 877.013
-0.263393 -0.100093 -0.959482 44.0024 0.0146324 0.994074 -0.107719 41.2348 0.964578 -0.0424118 -0.260367 876.92
-0.302743 -0.0945287 -0.948373 43.7819 0.00764437 0.994796 -0.101596 41.2159 0.953041 -0.0380073 -0.300445 876.795
-0.338527 -0.0891632 -0.936723 43.588 -0.000956555 0.995532 -0.0944154 41.1998 0.940956 -0.0310662 -0.3371 876.674
-0.37461 -0.0837082 -0.923396 43.3979 -0.0084405 0.996183 -0.0868823 41.1846 0.927144 -0.0247531 -0.373887 876.545
-0.409957 -0.0779824 -0.908765 43.211 -0.0137533 0.996754 -0.0793285 41.1687 0.912001 -0.0200227 -0.409699 876.407
-0.441322 -0.0730159 -0.894373 43.0469 -0.0176305 0.997197 -0.0727108 41.152 0.897176 -0.0163206 -0.441372 876.276
-0.479757 -0.0693182 -0.874659 42.8505 -0.0231713 0.997528 -0.0663461 41.1302 0.877095 -0.011563 -0.480178 876.113
-0.512517 -0.0654313 -0.85618 42.6757 -0.0276355 0.997833 -0.0597138 41.1109 0.858232 -0.00694336 -0.513215 875.957
-0.539109 -0.0596351 -0.840122 42.5221 -0.0292575 0.998214 -0.0520825 41.0928 0.841727 -0.00349827 -0.539891 875.809
-0.569415 -0.0526469 -0.820362 42.338 -0.0300617 0.998613 -0.0432203 41.0687 0.8215 5.11286e-05 -0.570208 875.624
-0.595604 -0.049514 -0.80175 42.1692 -0.0307744 0.998772 -0.0388199 41.0468 0.802688 0.00155204 -0.596397 875.454
-0.618395 -0.045218 -0.784565 42.0022 -0.0296295 0.998975 -0.0342214 41.0245 0.785308 0.00208395 -0.619101 875.28
-0.638544 -0.0402915 -0.76853 41.8403 -0.0287863 0.99918 -0.0284663 41.0024 0.769047 0.00394617 -0.63918 875.102
-0.658373 -0.0371323 -0.751775 41.6808 -0.02827 0.999298 -0.0246004 40.9808 0.752161 0.00505647 -0.65896 874.924
