0.821980178 -0.052649181 0.567077279 -16.748527527 -0.071587905 0.978268385 0.194592282 31.192888260 -0.564998925 -0.200546876 0.800348163 783.769592285
0.821199179 -0.048978612 0.568535864 -16.516014099 -0.076930836 0.977711976 0.195348278 31.227310181 -0.565432191 -0.204157785 0.799128294 784.088378906
0.821453333 -0.045456495 0.568461180 -16.283927917 -0.078775316 0.978217185 0.192056343 31.254787445 -0.564808667 -0.202546030 0.799978912 784.400939941
0.822037518 -0.049141057 0.567308962 -16.048263550 -0.073513255 0.978773952 0.191304281 31.292617798 -0.564668119 -0.198964030 0.800976396 784.707336426
0.821621776 -0.051826276 0.567672193 -15.820640564 -0.074943565 0.977393150 0.197701976 31.328496933 -0.565085053 -0.204979613 0.799163461 785.013244629
0.820986629 -0.050146539 0.568740964 -15.591865540 -0.074240170 0.978302181 0.193424895 31.366453171 -0.566100121 -0.201022670 0.799450159 785.314697266
0.821644664 -0.051048357 0.567709506 -15.371742249 -0.073232040 0.978273273 0.193954781 31.399641037 -0.565276146 -0.200936437 0.800054669 785.608764648
0.821635664 -0.049951766 0.567820132 -15.190010071 -0.074477173 0.978205562 0.193822324 31.426944733 -0.565126598 -0.201540962 0.800008297 785.854919434
0.821404219 -0.047573540 0.568358958 -14.975952148 -0.078269348 0.977684855 0.194951981 31.458568573 -0.564950466 -0.204619467 0.799350917 786.151000977
0.822049975 -0.045122024 0.567624748 -14.755165100 -0.081162632 0.977391899 0.195237517 31.492364883 -0.563601315 -0.206564918 0.799802780 786.447937012
0.822472334 -0.045433659 0.566987634 -14.547828674 -0.081516109 0.977100611 0.196543962 31.526010513 -0.562933683 -0.207870603 0.799934685 786.732910156
0.822961748 -0.045544982 0.566268146 -14.328170776 -0.078703873 0.978028536 0.193043828 31.560710907 -0.562618613 -0.203435183 0.801295519 787.020751953
0.823195636 -0.046346784 0.565863013 -14.113998413 -0.078165598 0.977920473 0.193808481 31.597488403 -0.562351406 -0.203773305 0.801397085 787.308288574
0.823843062 -0.046818886 0.564881086 -13.897216797 -0.077433459 0.977943420 0.193986401 31.628730774 -0.561503947 -0.203555048 0.802046537 787.597656250
0.824652314 -0.044153079 0.563914120 -13.680229187 -0.080071189 0.977797091 0.193652987 31.663997650 -0.559943914 -0.204849645 0.802807212 787.893310547
0.824849606 -0.042809814 0.563729048 -13.476783752 -0.081484847 0.977715135 0.193476915 31.690631866 -0.559449136 -0.205524728 0.802979589 788.182617188
0.825489759 -0.045552213 0.562575996 -13.298431396 -0.078113109 0.977925956 0.193801865 31.710441589 -0.558985770 -0.203926012 0.803709626 788.421386719
0.826066613 -0.044160862 0.561839700 -13.080184937 -0.078444988 0.978210628 0.192224637 31.739677429 -0.558086395 -0.202863857 0.804602921 788.721984863
0.826983571 -0.044649888 0.560450315 -12.829620361 -0.077194713 0.978383243 0.191851929 31.801883698 -0.556901395 -0.201922193 0.805660188 789.060302734
0.828003705 -0.043621454 0.559023261 -12.621185303 -0.077818930 0.978381813 0.191607073 31.830533981 -0.555296361 -0.202153966 0.806709170 789.357238770
0.828711152 -0.042744830 0.558041930 -12.394454956 -0.077777646 0.978608668 0.190461814 31.877681732 -0.554245889 -0.201241016 0.807659328 789.675598145
0.830248952 -0.043208536 0.555715501 -12.169044495 -0.076988280 0.978545368 0.191106707 31.910207748 -0.552050233 -0.201449722 0.809109747 789.979553223
0.830650151 -0.039882366 0.555364490 -11.924659729 -0.080352828 0.978403926 0.190444574 31.942949295 -0.550966203 -0.202817917 0.809506714 790.332336426
0.831117928 -0.039997075 0.554655969 -11.738105774 -0.080462642 0.978264689 0.191112489 31.974822998 -0.550244272 -0.203466102 0.809835076 790.598510742
0.831596792 -0.038312905 0.554056764 -11.526191711 -0.081753321 0.978305340 0.190355077 32.016250610 -0.549329758 -0.203594655 0.810423374 790.912048340
0.832311988 -0.036971044 0.553073108 -11.300941467 -0.083081163 0.978181660 0.190415770 32.052280426 -0.548045874 -0.204435289 0.811080754 791.235046387
0.833042145 -0.036321864 0.552015841 -11.058029175 -0.083019339 0.978334367 0.189656764 32.095806122 -0.546944737 -0.203820065 0.811978340 791.564575195
0.833009362 -0.036652405 0.552043438 -10.843132019 -0.082919151 0.978262246 0.190072179 32.130817413 -0.547009826 -0.204106897 0.811862469 791.883911133
0.833277583 -0.038554348 0.551508904 -10.614227295 -0.080902725 0.978322923 0.190627992 32.164085388 -0.546903312 -0.203464612 0.812095404 792.202636719
0.833372951 -0.037822090 0.551415503 -10.366485596 -0.082142837 0.978101254 0.191234097 32.198749542 -0.546573102 -0.204664156 0.812016308 792.535156250
0.833357215 -0.036657713 0.551517904 -10.143905640 -0.082272239 0.978456795 0.189350426 32.245708466 -0.546577573 -0.203171164 0.812388122 792.860412598
0.833637059 -0.035478067 0.551171958 -9.904052734 -0.083321877 0.978435159 0.189003065 32.282615662 -0.545991480 -0.203484654 0.812703729 793.190185547
0.833818376 -0.035651919 0.550886452 -9.697647095 -0.082787871 0.978551209 0.188636467 32.316806793 -0.545795858 -0.202895254 0.812982440 793.469238281
0.833841562 -0.034819312 0.550904691 -9.469779968 -0.083026201 0.978744090 0.187527731 32.352203369 -0.545724273 -0.202107936 0.813226581 793.790527344
0.833933234 -0.034094363 0.550811172 -9.230262756 -0.083866559 0.978667617 0.187552780 32.402404785 -0.545455575 -0.202601135 0.813284099 794.122619629
0.834151268 -0.034315530 0.550467193 -8.993103027 -0.083486304 0.978705943 0.187522575 32.436706543 -0.545180500 -0.202378675 0.813523889 794.455444336
0.833761930 -0.033939417 0.551080048 -8.741333008 -0.083742559 0.978787899 0.186979815 32.478664398 -0.545736432 -0.202045500 0.813233852 794.802062988
0.833849847 -0.035192940 0.550868332 -8.499465942 -0.082515061 0.978805006 0.187435359 32.514667511 -0.545789123 -0.201747879 0.813272476 795.140930176
0.833836555 -0.034498882 0.550932288 -8.253311157 -0.083617449 0.978634596 0.187836304 32.551105499 -0.545641541 -0.202692330 0.813136637 795.473510742
0.833495080 -0.032414626 0.551575303 -8.013275146 -0.084700324 0.978982389 0.185524389 32.591079712 -0.545996189 -0.201352268 0.813231468 795.820495605
0.833494425 -0.031803679 0.551611900 -7.801712036 -0.085069880 0.979051471 0.184990078 32.623756409 -0.545939803 -0.201113746 0.813328385 796.117980957
0.833413780 -0.032641653 0.551684737 -7.549682617 -0.084899142 0.978842616 0.186170027 32.662193298 -0.546089411 -0.201994210 0.813009679 796.479919434
0.833825231 -0.032908980 0.551046729 -7.276046753 -0.084045134 0.979016602 0.185641989 32.705425262 -0.545593143 -0.201105773 0.813562870 796.837585449
0.833916008 -0.031498082 0.550991833 -7.020408630 -0.085395381 0.978981733 0.185208976 32.755176544 -0.545244694 -0.201500878 0.813698769 797.190246582
0.833860099 -0.032599803 0.551012337 -6.769309998 -0.084995426 0.978765190 0.186532781 32.793384552 -0.545392632 -0.202375770 0.813382447 797.547485352
0.833822727 -0.033079814 0.551040292 -6.507621765 -0.084354378 0.978845000 0.186404929 32.833297729 -0.545549273 -0.201911330 0.813392818 797.906372070
0.833544433 -0.033980131 0.551406443 -6.247283936 -0.084597513 0.978483915 0.188182071 32.871337891 -0.545936763 -0.203505725 0.812735200 798.264526367
0.833509564 -0.036187284 0.551318645 -5.993255615 -0.084056087 0.977931857 0.191269144 32.897895813 -0.546073616 -0.205766365 0.812073827 798.614807129
0.833160758 -0.034425065 0.551958382 -5.568664551 -0.086237073 0.977764487 0.191153824 32.974864960 -0.546265781 -0.206861138 0.811666310 799.240295410
0.833353519 -0.034058310 0.551690042 -5.303436279 -0.087748736 0.977290690 0.192881107 33.016872406 -0.545730710 -0.209148258 0.811440051 799.597045898
0.832955658 -0.033752184 0.552309394 -5.078575134 -0.088602938 0.977123320 0.193337977 33.052909851 -0.546199977 -0.209978208 0.810909867 799.933471680
0.832507968 -0.034558803 0.552934229 -4.831298828 -0.088930897 0.976774156 0.194945127 33.113090515 -0.546828926 -0.211466298 0.810098886 800.289978027
0.832878828 -0.035025090 0.552346051 -4.578887939 -0.087392740 0.977152348 0.193741634 33.148220062 -0.546512008 -0.209634334 0.810788572 800.622314453
0.832831144 -0.036520511 0.552321076 -4.322334290 -0.086402528 0.977012813 0.194886178 33.188079834 -0.546742082 -0.210029215 0.810531259 800.967773438
0.832337856 -0.037124988 0.553023875 -4.089973450 -0.086283997 0.976911783 0.195444167 33.232444763 -0.547511399 -0.210392699 0.809917390 801.308898926
0.831992745 -0.036769968 0.553566694 -3.889442444 -0.087736867 0.976524234 0.196730077 33.266521454 -0.547805071 -0.212246194 0.809234977 801.593261719
0.832034647 -0.036400508 0.553528070 -3.648147583 -0.089140132 0.976103783 0.198180288 33.309047699 -0.547514737 -0.214234442 0.808907449 801.920410156
0.831202030 -0.033626370 0.554952741 -3.419357300 -0.092589729 0.975857675 0.197810248 33.349426270 -0.548206508 -0.215803206 0.808021426 802.259582520
0.831830740 -0.034222145 0.553973377 -3.174736023 -0.092247516 0.975690961 0.198790371 33.384757996 -0.547309816 -0.216462612 0.808452845 802.580932617
0.830689728 -0.038295329 0.555417061 -2.783508301 -0.088733405 0.975771844 0.199989259 33.494430542 -0.549618959 -0.215413064 0.807165563 803.187561035
0.830103397 -0.036051817 0.556442797 -2.556114197 -0.090354241 0.976023257 0.198027134 33.524135590 -0.550240338 -0.214659974 0.806942821 803.511962891
0.830451846 -0.035566229 0.555953920 -2.316772461 -0.089795731 0.976364672 0.196592972 33.564472198 -0.549805880 -0.213183284 0.807630122 803.817077637
0.830375969 -0.036302436 0.556019723 -2.132629395 -0.088266641 0.976705670 0.195588946 33.602390289 -0.550167978 -0.211490348 0.807828665 804.071228027
0.830137193 -0.036352780 0.556372821 -1.912109375 -0.088450655 0.976649523 0.195786163 33.651599884 -0.550498664 -0.211740911 0.807537675 804.368164062
0.829519391 -0.035038974 0.557377696 -1.700889587 -0.089773364 0.976685345 0.195003897 33.700931549 -0.551215351 -0.211797178 0.807033837 804.664672852
0.829351246 -0.034789089 0.557643473 -1.490425110 -0.089611501 0.976857126 0.194216192 33.732463837 -0.551494598 -0.211044699 0.807040215 804.951049805
0.829495728 -0.034040820 0.557474732 -1.273399353 -0.090555325 0.976736724 0.194384024 33.766136169 -0.551123023 -0.211723015 0.807116330 805.236206055
0.829212070 -0.033329967 0.557939529 -1.071815491 -0.090720803 0.976958036 0.193190798 33.794506073 -0.551522553 -0.210812867 0.807081699 805.510375977
0.829091072 -0.034719545 0.558034480 -0.879158020 -0.090459064 0.976590991 0.195159271 33.827392578 -0.551747322 -0.212284088 0.806542218 805.781311035
0.828559995 -0.035253823 0.558789372 -0.684501648 -0.089796811 0.976729810 0.194770187 33.865814209 -0.552652597 -0.211556286 0.806113541 806.055664062
0.828384697 -0.034257118 0.559111118 -0.493255615 -0.091316245 0.976517677 0.195127010 33.900512695 -0.552666366 -0.212696165 0.805804074 806.322692871
0.828174829 -0.034563690 0.559403121 -0.328384399 -0.090956479 0.976577222 0.194997117 33.922962189 -0.553040147 -0.212373033 0.805632889 806.546142578
0.827875435 -0.034290452 0.559862912 -0.149642944 -0.091644116 0.976448238 0.195320621 33.965915680 -0.553374767 -0.213009283 0.805235028 806.814208984
0.827925920 -0.036423061 0.559653580 0.054962158 -0.089046128 0.976693630 0.195295438 34.002864838 -0.553723395 -0.211525127 0.805386603 807.082519531
0.827642679 -0.037120491 0.560026467 0.245117188 -0.088582858 0.976664782 0.195650071 34.036766052 -0.554220796 -0.211537093 0.805041194 807.345825195
0.827121913 -0.035807129 0.560880721 0.424278259 -0.090249896 0.976555407 0.195434242 34.069847107 -0.554729044 -0.212267369 0.804498732 807.598388672
0.826920033 -0.035952266 0.561169028 0.607345581 -0.090329885 0.976501107 0.195668370 34.098281860 -0.555016875 -0.212492436 0.804240763 807.855834961
0.826984048 -0.036789611 0.561020374 0.788162231 -0.090582237 0.976102054 0.197533786 34.130668640 -0.554880381 -0.214175776 0.803888381 808.099853516
0.827198327 -0.036528055 0.560721576 0.945587158 -0.090498328 0.976197362 0.197100788 34.158203125 -0.554574668 -0.213785797 0.804203093 808.309814453
0.826607585 -0.036042940 0.561623394 1.129592896 -0.090841427 0.976315141 0.196358427 34.193237305 -0.555398762 -0.213330030 0.803755283 808.564941406
0.826743245 -0.036768734 0.561376572 1.301864624 -0.090466335 0.976186752 0.197168171 34.219200134 -0.555257976 -0.213793129 0.803729475 808.800659180
0.826520562 -0.036255833 0.561737716 1.465843201 -0.090664230 0.976320386 0.196414024 34.252605438 -0.555557132 -0.213269740 0.803661764 809.034423828
0.826191187 -0.037124351 0.562165439 1.634666443 -0.090257198 0.976216912 0.197114795 34.288692474 -0.556113124 -0.213593975 0.803191006 809.272338867
0.825650811 -0.037121728 0.562958837 1.800003052 -0.090305567 0.976271808 0.196820363 34.322849274 -0.556907177 -0.213343218 0.802707314 809.508300781
0.825385511 -0.036646344 0.563378990 1.982734680 -0.090953611 0.976225078 0.196753666 34.354396820 -0.557195008 -0.213638976 0.802428901 809.754821777
0.825227201 -0.037716992 0.563540220 2.140235901 -0.089810707 0.976309776 0.196858570 34.386688232 -0.557614684 -0.213064983 0.802289963 809.982910156
0.824937642 -0.038265593 0.563926995 2.311782837 -0.088633560 0.976605058 0.195925251 34.418914795 -0.558231115 -0.211608976 0.802246630 810.213867188
0.824548006 -0.038684011 0.564468026 2.445106506 -0.088242263 0.976659119 0.195832297 34.445640564 -0.558868408 -0.211283073 0.801888764 810.394775391
0.824137330 -0.038800269 0.565059483 2.606956482 -0.088195786 0.976690114 0.195698485 34.475223541 -0.559481204 -0.211118281 0.801504791 810.621215820
0.824211955 -0.039235685 0.564920604 2.777595520 -0.087925613 0.976631403 0.196112797 34.496742249 -0.559413791 -0.211309493 0.801501453 810.846801758
0.824190736 -0.038526848 0.565000296 2.951965332 -0.088496044 0.976664484 0.195690915 34.523670197 -0.559355080 -0.211286932 0.801548362 811.070312500
0.823564053 -0.037242007 0.565999389 3.107086182 -0.089865468 0.976672947 0.195023611 34.553226471 -0.560059369 -0.211478233 0.801005960 811.292053223
0.823345244 -0.036859497 0.566342652 3.260345459 -0.089816883 0.976851046 0.194152012 34.579505920 -0.560388744 -0.210721269 0.800975084 811.502807617
0.823117256 -0.036374524 0.566705287 3.421356201 -0.089928150 0.977004409 0.193327099 34.607658386 -0.560705721 -0.210093632 0.800918102 811.717895508
0.822939575 -0.037042033 0.566920042 3.579322815 -0.089818336 0.976840198 0.194205895 34.624610901 -0.560984075 -0.210739523 0.800553381 811.928283691
0.822725892 -0.037650328 0.567190051 3.715187073 -0.089316092 0.976847768 0.194399223 34.643436432 -0.561377525 -0.210596472 0.800315201 812.106933594
0.822312593 -0.038986385 0.567698896 3.876174927 -0.088675231 0.976682603 0.195519298 34.665473938 -0.562084258 -0.211118817 0.799681306 812.316711426
0.821893215 -0.043272808 0.567995608 4.030906677 -0.081050053 0.978082538 0.191795304 34.684879303 -0.563846111 -0.203671336 0.800372183 812.511657715
0.821119487 -0.045815416 0.568914533 4.190788269 -0.072557867 0.980306625 0.183668807 34.702705383 -0.566125572 -0.192093253 0.801624656 812.699279785
0.819941282 -0.048953746 0.570350587 4.347778320 -0.066328920 0.981501341 0.179598287 34.710590363 -0.568591893 -0.185090795 0.801526487 812.878051758
0.819352269 -0.051790576 0.570946217 4.482765198 -0.063047193 0.981730044 0.179530412 34.701297760 -0.569813073 -0.183095202 0.801117480 813.059875488
0.818961918 -0.053718120 0.571328104 4.646369934 -0.061238289 0.981742442 0.180087760 34.719169617 -0.570571005 -0.182472169 0.800720096 813.277709961
0.817687452 -0.055089809 0.573020399 4.797920227 -0.061573870 0.981329978 0.182208985 34.719642639 -0.572359979 -0.184273079 0.799029112 813.491333008
0.816856980 -0.054801218 0.574231267 4.940391541 -0.063274167 0.980957687 0.183625713 34.742622375 -0.573359430 -0.186329946 0.797834635 813.663940430
0.816382706 -0.046250682 0.575656295 5.118293762 -0.073229261 0.980451584 0.182625771 34.777854919 -0.572849691 -0.191247404 0.797036827 813.897338867
0.814947367 -0.044445947 0.577828228 5.258087158 -0.077455446 0.979756474 0.184602156 34.809051514 -0.574335754 -0.195196971 0.795007348 814.114440918
0.814492941 -0.042857904 0.578588367 5.440299988 -0.080404490 0.979306042 0.185727730 34.850696564 -0.574575007 -0.197795033 0.794191897 814.338623047
0.814253569 -0.049406093 0.578403115 5.629043579 -0.078122690 0.977981925 0.193515480 34.881294250 -0.575228631 -0.202757075 0.792465568 814.575195312
0.814835131 -0.056904227 0.576893091 5.818054199 -0.077103734 0.975689411 0.205146655 34.901237488 -0.574542224 -0.211641312 0.790638447 814.818298340
0.814470291 -0.059795707 0.577115774 6.004043579 -0.080069497 0.973574340 0.213873580 34.934875488 -0.574653804 -0.220403060 0.788159609 815.066345215
0.814037561 -0.062588535 0.577430069 6.161018372 -0.080101781 0.972578943 0.218343586 34.977138519 -0.575262129 -0.223993063 0.786702335 815.292846680
0.814075589 -0.067172408 0.576861203 6.326171875 -0.075262621 0.972709954 0.219478697 35.006172180 -0.575861514 -0.222088337 0.786803842 815.497375488
0.813000381 -0.068325080 0.578240514 6.524452209 -0.072798140 0.973371387 0.217367321 35.044391632 -0.577694416 -0.218814552 0.786377370 815.742614746
0.811219275 -0.063801385 0.581251025 6.733078003 -0.078504823 0.973147154 0.216382906 35.076694489 -0.579448283 -0.221164986 0.784427047 816.001953125
0.810390711 -0.056382388 0.583170533 6.916763306 -0.088921756 0.971991777 0.217542857 35.131671906 -0.579102576 -0.228151277 0.782679558 816.262023926
0.811626554 -0.049997546 0.582033157 7.140022278 -0.093002759 0.972564459 0.213234171 35.160327911 -0.576725960 -0.227197200 0.784709215 816.496826172
0.808668375 -0.048943345 0.586225212 7.316505432 -0.094089136 0.972942591 0.211021274 35.180267334 -0.580691576 -0.225803658 0.782182872 816.732604980
0.804793954 -0.042326435 0.592043221 7.525505066 -0.100030646 0.973515630 0.205575392 35.222354889 -0.585064590 -0.224668309 0.779245555 816.994140625
0.803053439 -0.038425393 0.594666779 7.701362610 -0.103273712 0.973844349 0.202390075 35.259540558 -0.586889803 -0.223943502 0.778080702 817.227905273
0.802469969 -0.042116325 0.595204353 7.986488342 -0.099605225 0.974054873 0.203213915 35.302055359 -0.588320315 -0.222358525 0.777454734 817.546020508
0.800689638 -0.045039386 0.597383976 8.190345764 -0.097197548 0.974191308 0.203725010 35.331970215 -0.591141939 -0.221184760 0.775647163 817.770141602
0.798091292 -0.046442032 0.600744069 8.431846619 -0.096207514 0.974411428 0.203141466 35.369495392 -0.594806254 -0.219921529 0.773201227 818.043823242
0.795949757 -0.045390159 0.603658617 8.678916931 -0.098117620 0.974326730 0.202633649 35.419479370 -0.597358346 -0.220515743 0.771061540 818.330078125
0.795435548 -0.044432580 0.604407132 8.872718811 -0.098071948 0.974726319 0.200724840 35.443527222 -0.598050296 -0.218939066 0.770974398 818.545166016
0.793823183 -0.041280694 0.606745958 9.105796814 -0.099980779 0.975259721 0.197160706 35.484611511 -0.599873781 -0.217173666 0.770056486 818.822753906
0.792088866 -0.040651157 0.609050632 9.348197937 -0.099020600 0.976006567 0.193922997 35.524490356 -0.602320611 -0.213912815 0.769058645 819.091308594
0.790484190 -0.040591333 0.611135900 9.578712463 -0.098371483 0.976433694 0.192094490 35.570369720 -0.604531050 -0.211965993 0.767862320 819.350585938
0.789215505 -0.040904213 0.612752557 9.785499573 -0.097809762 0.976670563 0.191174909 35.604206085 -0.606277287 -0.210811391 0.766802728 819.589355469
0.787117720 -0.039180469 0.615557134 10.045318604 -0.100884512 0.976363063 0.191147760 35.639755249 -0.608496547 -0.212555975 0.764559984 819.897460938
0.785095751 -0.038912196 0.618150949 10.294242859 -0.103055671 0.975905895 0.192320690 35.667896271 -0.610740721 -0.214694098 0.762169421 820.203186035
0.783749044 -0.038326614 0.619894028 10.554595947 -0.104104318 0.975866079 0.191957518 35.713565826 -0.612290621 -0.214980170 0.760844111 820.489685059
0.782026172 -0.040309921 0.621940732 10.804550171 -0.103967965 0.975485921 0.193953276 35.743759155 -0.614512682 -0.216338441 0.758664548 820.775024414
0.780655265 -0.042166319 0.623537719 11.086769104 -0.102775879 0.975475669 0.194638982 35.776908875 -0.616453111 -0.216030583 0.757176578 821.077758789
0.779239833 -0.041758712 0.625333071 11.344711304 -0.103812650 0.975393951 0.194498166 35.823398590 -0.618068099 -0.216478214 0.755730748 821.368286133
0.776911974 -0.039479785 0.628370225 11.610488892 -0.105867110 0.975630462 0.192190990 35.881202698 -0.620644808 -0.215839222 0.753799319 821.679199219
0.774872601 -0.036985550 0.631034553 11.820098877 -0.108249150 0.975775838 0.190114662 35.921436310 -0.622779787 -0.215623602 0.752098322 821.933959961
0.773319125 -0.035734590 0.633009195 12.109283447 -0.109956875 0.975721776 0.189410821 35.963531494 -0.624409378 -0.216078714 0.750615060 822.243225098
0.771972418 -0.034668833 0.634709954 12.406547546 -0.110784337 0.975891948 0.188047320 36.001930237 -0.625927687 -0.215483263 0.749520898 822.556396484
0.769830227 -0.035727650 0.637247980 12.697708130 -0.111422867 0.975576758 0.189301133 36.030769348 -0.628447592 -0.216733739 0.747047603 822.883178711
0.767868042 -0.036373116 0.639574587 12.974739075 -0.110019512 0.976064861 0.187598124 36.067745209 -0.631089807 -0.214416280 0.745487273 823.194091797
0.765772581 -0.041620743 0.641763270 13.273468018 -0.103924289 0.976779580 0.187353641 36.106513977 -0.634659052 -0.210165083 0.743665636 823.518493652
0.763647854 -0.042676590 0.644221008 13.542366028 -0.105543710 0.976138473 0.189774171 36.178447723 -0.636947811 -0.212914109 0.740921795 823.848144531
0.763742805 -0.040133897 0.644271851 13.841041565 -0.108434200 0.975907028 0.189334378 36.230175018 -0.636348128 -0.214463875 0.740990102 824.146850586
0.762675881 -0.038433421 0.645638049 14.166740417 -0.109027006 0.976308525 0.186908379 36.268848419 -0.637525439 -0.212942496 0.740416646 824.483947754
0.762547374 -0.039887652 0.645701528 14.434883118 -0.108820811 0.975967050 0.188802496 36.307388306 -0.637714326 -0.214236617 0.739880502 824.768005371
0.761833549 -0.038870502 0.646605551 14.731582642 -0.108461626 0.976451695 0.186489090 36.351905823 -0.638628006 -0.212205544 0.739677668 825.117187500
0.762033403 -0.042822272 0.646120310 15.061668396 -0.105226710 0.976358950 0.188813433 36.385292053 -0.638930738 -0.211871251 0.739512086 825.462158203
0.761130750 -0.049390838 0.646715224 15.379470825 -0.104006439 0.974898994 0.196861908 36.402603149 -0.640205204 -0.217100203 0.736888647 825.807800293
0.758725405 -0.044506621 0.649888396 15.651351929 -0.108537935 0.975079715 0.193491682 36.479351044 -0.642304659 -0.217344612 0.734987140 826.149597168
0.759185195 -0.040106583 0.649637818 15.956039429 -0.110618033 0.975629032 0.189503640 36.544563293 -0.641405880 -0.215730011 0.736246586 826.470825195
0.758401632 -0.040680092 0.650516808 16.300857544 -0.110833734 0.975465953 0.190215766 36.594612122 -0.642295003 -0.216359153 0.735286236 826.820007324
0.757267535 -0.042198841 0.651740134 16.575004578 -0.109709769 0.975511014 0.190635949 36.624584198 -0.643824279 -0.215864673 0.734093189 827.122314453
0.756614208 -0.041184187 0.652563274 16.874244690 -0.108195677 0.976370513 0.187067568 36.730434418 -0.644847751 -0.212142512 0.734279871 827.448547363
0.756356895 -0.038899887 0.653001606 17.218681335 -0.109088503 0.976751983 0.184540734 36.786228180 -0.644999206 -0.210813627 0.734529555 827.816406250
0.755810082 -0.038303897 0.653669536 17.545478821 -0.109686941 0.976774991 0.184063613 36.848915100 -0.645538449 -0.210816160 0.734054923 828.169250488
0.755312264 -0.034403674 0.654461443 17.883811951 -0.111951806 0.977169812 0.180571064 36.899875641 -0.645732284 -0.209655672 0.734216809 828.542968750
0.754575729 -0.032948453 0.655385315 18.216857910 -0.112272866 0.977530122 0.178408787 36.939319611 -0.646537125 -0.208204940 0.733921289 828.916259766
0.754564226 -0.032767873 0.655407608 18.561225891 -0.110841155 0.978038311 0.176508531 36.978546143 -0.646797597 -0.205833167 0.734360695 829.280883789
0.754091501 -0.033256676 0.655926883 18.896995544 -0.111243673 0.977818727 0.177469343 37.010330200 -0.647279620 -0.206795841 0.733665228 829.656311035
0.754184365 -0.033764571 0.655794203 19.207305908 -0.108774558 0.978456855 0.175471604 37.069461823 -0.647591054 -0.203671664 0.734264135 829.982543945
0.754311025 -0.033564348 0.655658722 19.559425354 -0.108544007 0.978572130 0.174970731 37.114929199 -0.647482157 -0.203150168 0.734504521 830.355651855
0.754289210 -0.032879040 0.655718565 19.902626038 -0.108770087 0.978685558 0.174194172 37.157077789 -0.647469640 -0.202715337 0.734635711 830.722412109
0.753537834 -0.031945102 0.656627953 20.243820190 -0.110911198 0.978323638 0.174875960 37.176994324 -0.647981107 -0.204603046 0.733660817 831.123046875
0.753304064 -0.030695336 0.656955719 20.591079712 -0.112037763 0.978319466 0.174179688 37.206588745 -0.648059070 -0.204814106 0.733533025 831.505249023
0.752838135 -0.030189099 0.657513082 20.948570251 -0.112401485 0.978377461 0.173618555 37.241386414 -0.648537397 -0.204612106 0.733166575 831.897521973
0.752776265 -0.031568479 0.657519162 21.307327271 -0.110552497 0.978599846 0.173552692 37.288040161 -0.648926914 -0.203336716 0.733176708 832.283325195
0.753135860 -0.031205365 0.657124579 21.692985535 -0.110162832 0.978787720 0.172738984 37.324573517 -0.648575842 -0.202486619 0.733722448 832.674316406
0.753718436 -0.033628840 0.656336546 22.025550842 -0.107138045 0.979042411 0.173197702 37.332046509 -0.648405731 -0.200860918 0.734319329 833.010620117
0.753560424 -0.033385731 0.656530440 22.396057129 -0.105960213 0.979481816 0.171428725 37.349983215 -0.648782909 -0.198747993 0.734561145 833.415039062
0.753165603 -0.032700557 0.657017648 22.787971497 -0.105874829 0.979717433 0.170130268 37.381816864 -0.649255037 -0.197697908 0.734427333 833.826354980
0.753192961 -0.035022210 0.656866670 23.183868408 -0.101986714 0.980289280 0.169208750 37.421951294 -0.649845421 -0.194438502 0.734775186 834.244018555
0.754416466 -0.038105275 0.655289114 23.542892456 -0.096484125 0.981032193 0.168126881 37.445655823 -0.649266243 -0.190062687 0.736430287 834.617370605
0.754832804 -0.040143456 0.654687762 23.947433472 -0.093979530 0.981207848 0.168519914 37.468353271 -0.649149716 -0.188731596 0.736875236 835.031677246
0.754929900 -0.040426031 0.654558361 24.353996277 -0.093417794 0.981290996 0.168348014 37.495975494 -0.649117887 -0.188238353 0.737029433 835.462036133
0.754835010 -0.041138519 0.654623449 24.712623596 -0.091430329 0.981688201 0.167119011 37.515033722 -0.649511158 -0.185999721 0.737251282 835.864501953
0.755359530 -0.043448716 0.653868616 25.063430786 -0.088825211 0.981802344 0.167851791 37.530380249 -0.649262726 -0.184868470 0.737754405 836.211364746
0.755352795 -0.044754140 0.653788388 25.456405640 -0.086666711 0.982079685 0.167357042 37.550937653 -0.649562240 -0.183075294 0.737937927 836.624816895
0.755228817 -0.047153801 0.653762937 25.825645447 -0.082099497 0.982748806 0.165724069 37.645202637 -0.650299251 -0.178833202 0.738328934 837.063842773
0.755218983 -0.046899766 0.653792560 26.223434448 -0.080240846 0.983319998 0.163227424 37.746696472 -0.650542676 -0.175733313 0.738858640 837.545227051
0.755633712 -0.047919903 0.653239131 26.644882202 -0.078893565 0.983400404 0.163399741 37.808437347 -0.650225759 -0.175006732 0.739309907 837.999267578
0.755952358 -0.046672806 0.652960718 27.035919189 -0.079042047 0.983649731 0.161819413 37.919635773 -0.649837255 -0.173939124 0.739903212 838.458496094
0.756656647 -0.048058558 0.652043819 27.384216309 -0.075751074 0.984134614 0.160439581 38.093597412 -0.649409354 -0.170790687 0.741011500 838.884765625
0.757625878 -0.049115397 0.650838494 27.692169189 -0.072655454 0.984620810 0.158880740 38.243179321 -0.648632586 -0.167659134 0.742405653 839.263671875
0.758230925 -0.049359236 0.650115073 27.954147339 -0.072799593 0.984485328 0.159652293 38.319175720 -0.647909105 -0.168381423 0.742873907 839.581115723
0.759083867 -0.048493534 0.649184167 28.312210083 -0.072810538 0.984640360 0.158688426 38.374736786 -0.646908283 -0.167725280 0.743893802 839.993041992
0.759838283 -0.046083465 0.648476720 28.667610168 -0.074775621 0.984669268 0.157591388 38.407028198 -0.645797431 -0.168234229 0.744743466 840.431823730
0.761882901 -0.047389805 0.645978808 29.064918518 -0.071925275 0.984961927 0.157088414 38.444049835 -0.643708944 -0.166145176 0.747017145 840.841918945
0.763108730 -0.046324294 0.644607782 29.432060242 -0.070541844 0.985497594 0.154331967 38.495491028 -0.642408729 -0.163243890 0.748773992 841.292602539
0.764418364 -0.044370156 0.643191934 29.831291199 -0.069985881 0.986023068 0.151196703 38.527885437 -0.640910745 -0.160591900 0.750628889 841.727600098
0.765512288 -0.043009419 0.641982198 30.212142944 -0.070412509 0.986171007 0.150029555 38.555015564 -0.639556944 -0.160053045 0.751897633 842.158447266
0.766944289 -0.042605910 0.640297711 30.597602844 -0.070521459 0.986154079 0.150089592 38.580760956 -0.637826920 -0.160265088 0.753320575 842.587036133
0.768228292 -0.040682640 0.638881981 30.970626831 -0.071328498 0.986325145 0.148576558 38.610221863 -0.636189818 -0.159711212 0.754821062 843.003356934
0.768651009 -0.040256463 0.638400316 31.335296631 -0.071988195 0.986233532 0.148865968 38.641517639 -0.635604680 -0.160383269 0.755171478 843.444458008
0.768975854 -0.041548409 0.637926221 31.662124634 -0.071355514 0.986071587 0.150237411 38.665576935 -0.635283053 -0.161048502 0.755300522 843.810791016
0.769719541 -0.042064689 0.636994839 32.028266907 -0.072489388 0.985613644 0.152679458 38.699054718 -0.634253204 -0.163695738 0.755596817 844.222290039
0.770044923 -0.042314049 0.636584938 32.392990112 -0.071374208 0.985820711 0.151865706 38.742988586 -0.633984685 -0.162379161 0.756106079 844.639709473
0.769971132 -0.041946758 0.636698484 32.761749268 -0.072012499 0.985749185 0.152028859 38.769920349 -0.634002090 -0.162908077 0.755977750 845.065612793
0.770197749 -0.043232702 0.636338234 33.114028931 -0.071740992 0.985496223 0.153786808 38.799312592 -0.633757591 -0.164097801 0.755925477 845.473144531
0.770127892 -0.040606212 0.636595845 33.427787781 -0.073399954 0.985701978 0.151670784 38.840621948 -0.633652568 -0.163532004 0.756136060 845.857666016
0.770830750 -0.040541470 0.635748625 33.736137390 -0.073213950 0.985722184 0.151629418 38.861892700 -0.632818818 -0.163426280 0.756856799 846.182617188
0.771398306 -0.041305341 0.635010719 34.069366455 -0.072966076 0.985568225 0.152745679 38.881576538 -0.632155597 -0.164161995 0.757251740 846.553100586
0.771804750 -0.041294504 0.634517372 34.385894775 -0.074002825 0.985274374 0.154136315 38.904243469 -0.631538689 -0.165919214 0.757383525 846.919311523
0.772204995 -0.042002935 0.633983672 34.725662231 -0.072617054 0.985439897 0.153736800 38.932098389 -0.631210208 -0.164754346 0.757911444 847.299316406
0.772581100 -0.042671852 0.633480489 35.035461426 -0.072073482 0.985395432 0.154276669 38.959449768 -0.630812049 -0.164848387 0.758222342 847.661804199
0.772500217 -0.042413849 0.633596480 35.333198547 -0.071305498 0.985662818 0.152919516 38.996315002 -0.630998373 -0.163309276 0.758400381 848.012451172
0.772674859 -0.042105433 0.633404076 35.645759583 -0.072317757 0.985463381 0.153727293 39.018001556 -0.630669296 -0.164587572 0.758397818 848.372558594
0.773041844 -0.042153455 0.632952988 35.954421997 -0.072517410 0.985376179 0.154191568 39.035415649 -0.630196452 -0.165096641 0.758680105 848.726928711
0.773513734 -0.042357508 0.632362545 36.257286072 -0.072284095 0.985357404 0.154420972 39.055233002 -0.629643977 -0.165156499 0.759125710 849.065612793
0.773709416 -0.044196337 0.631997168 36.509559631 -0.070931047 0.985248804 0.155735523 39.082107544 -0.629557431 -0.165322274 0.759161413 849.363281250
0.773832977 -0.047502987 0.631605923 36.786430359 -0.067951418 0.985202312 0.157349870 39.109569550 -0.629734218 -0.164681032 0.759154141 849.679260254
0.773686051 -0.047253471 0.631804585 37.062965393 -0.068148151 0.985222578 0.157137930 39.147857666 -0.629893422 -0.164631739 0.759032726 850.018432617
0.773495793 -0.040547308 0.632503152 37.328193665 -0.073378436 0.985511720 0.152912691 39.177368164 -0.629539490 -0.164689407 0.759313822 850.336608887
0.773929954 -0.036144055 0.632238925 37.593475342 -0.076921098 0.985612094 0.150505707 39.206150055 -0.628582180 -0.165113389 0.760014474 850.656433105
0.773821115 -0.033610903 0.632511914 37.853965759 -0.078871630 0.985706091 0.148871541 39.230178833 -0.628474534 -0.165087178 0.760109246 850.973144531
0.773448825 -0.031691268 0.633065999 38.102310181 -0.079706222 0.985958815 0.146738216 39.272876740 -0.628827333 -0.163953811 0.760062754 851.280151367
0.774471700 -0.036705673 0.631542802 38.369361877 -0.073215201 0.986405849 0.147115588 39.292999268 -0.628357530 -0.160175398 0.761255980 851.571655273
0.774508595 -0.037569847 0.631446779 38.596298218 -0.069036491 0.987251461 0.143417090 39.319786072 -0.628784895 -0.154670641 0.762041032 851.858703613
0.773142576 -0.037435301 0.633126557 38.788116455 -0.068549499 0.987476349 0.142096415 39.347328186 -0.630516887 -0.153261289 0.760893822 852.111694336
0.772911310 -0.038305022 0.633356810 39.000122070 -0.070091479 0.986913025 0.145223394 39.363853455 -0.630630910 -0.156637713 0.760111392 852.361389160
0.773293138 -0.033349380 0.633171022 39.228668213 -0.080949873 0.985250831 0.150757849 39.367965698 -0.628859997 -0.167835116 0.759188116 852.618408203
0.773438811 -0.024646856 0.633391678 39.457382202 -0.089532748 0.984977841 0.147657022 39.388870239 -0.627516031 -0.170912966 0.759613395 852.888244629
0.774182498 -0.025499793 0.632448614 39.694328308 -0.083831899 0.986255050 0.142383903 39.395973206 -0.627386391 -0.163250491 0.761403739 853.153686523
0.773609400 -0.024610545 0.633184671 39.925323486 -0.080534704 0.987323642 0.136770517 39.402957916 -0.628524184 -0.156800300 0.761820912 853.420837402
0.773632050 -0.030644633 0.632893741 40.135131836 -0.071728297 0.988173962 0.135526001 39.422080994 -0.629562259 -0.150243640 0.762284935 853.671508789
0.774631143 -0.036130968 0.631380320 40.345314026 -0.067893155 0.987845600 0.139826924 39.438289642 -0.628758371 -0.151180699 0.762762964 853.882629395
0.774240553 -0.040672760 0.631583154 40.561904907 -0.066297404 0.987230361 0.144847944 39.462318420 -0.629409432 -0.154019475 0.761657298 854.143371582
0.773651123 -0.041516591 0.632250249 40.769416809 -0.068532743 0.986513913 0.148639143 39.502193451 -0.629894614 -0.158324674 0.760372281 854.404479980
0.773398697 -0.037194069 0.632827818 40.974884033 -0.075128414 0.985863864 0.149760351 39.527309418 -0.629452288 -0.163367808 0.759671509 854.666992188
0.773193717 -0.033055916 0.633307815 41.180320740 -0.082053743 0.985031486 0.151592255 39.544330597 -0.628839135 -0.169175461 0.758907795 854.918457031
0.774467468 -0.040708158 0.631302595 41.438735962 -0.079691947 0.983699679 0.161195964 39.565448761 -0.627574146 -0.175150767 0.758599281 855.194702148
0.775022566 -0.046492096 0.630221009 41.689384460 -0.077845216 0.982670248 0.168223843 39.580066681 -0.627120495 -0.179436967 0.757972479 855.465698242
0.774590492 -0.048675857 0.630587280 41.925056458 -0.077101998 0.982330143 0.170536667 39.613876343 -0.627745926 -0.180715621 0.757150531 855.742492676
0.774301350 -0.045192923 0.631201267 42.117347717 -0.080963068 0.982174695 0.169640303 39.649917603 -0.627616465 -0.182456717 0.756840229 855.978210449
0.774242640 -0.041548412 0.631523609 42.341545105 -0.083065256 0.982539952 0.166479349 39.694587708 -0.627414107 -0.181353077 0.757273138 856.247619629
0.774851322 -0.041474879 0.630781472 42.586418152 -0.084902883 0.981976271 0.168861121 39.711753845 -0.626415908 -0.184397429 0.757364273 856.504638672
0.774867117 -0.039837699 0.630867660 42.826087952 -0.087704971 0.981583834 0.169708759 39.748435974 -0.626010239 -0.186831966 0.757103086 856.783325195
0.774852991 -0.038887676 0.630944252 43.061218262 -0.093438700 0.980096340 0.175158009 39.783519745 -0.625197709 -0.194676310 0.755796969 857.062072754
0.774970531 -0.034902968 0.631032884 43.315826416 -0.096769027 0.980146825 0.173054680 39.805019379 -0.624544978 -0.195176721 0.756207407 857.353881836
0.774826527 -0.031027397 0.631412089 43.562957764 -0.096507587 0.981282234 0.166647583 39.830944061 -0.624764085 -0.190059021 0.757329166 857.645324707
0.774527609 -0.030584641 0.631800294 43.818458557 -0.093542844 0.982309580 0.162227079 39.855358124 -0.625585139 -0.184749737 0.757964909 857.936523438
0.774245858 -0.029086137 0.632216215 44.068634033 -0.092616484 0.982981861 0.158646792 39.890594482 -0.626071513 -0.181385264 0.758375823 858.219116211
0.773901463 -0.026891066 0.632734835 44.292457581 -0.093703844 0.983239293 0.156397119 39.924781799 -0.626335442 -0.180325657 0.758410573 858.472656250
0.773400366 -0.020698488 0.633579910 44.531234741 -0.098457523 0.983415961 0.152312770 39.945861816 -0.626225233 -0.180179462 0.758536339 858.773071289
0.772311509 -0.012630945 0.635118425 44.764991760 -0.103165567 0.984035492 0.145020604 39.982559204 -0.626810849 -0.177523434 0.758678854 859.071899414
0.772541642 -0.007757776 0.634916723 45.046669006 -0.105605632 0.984428823 0.140525073 40.011032104 -0.626120508 -0.175612256 0.759693027 859.381103516
0.772865236 -0.011140977 0.634472370 45.320198059 -0.102150716 0.984621882 0.141721532 40.032325745 -0.626294315 -0.174343452 0.759841979 859.682189941
0.773853600 -0.014806845 0.633191466 45.613494873 -0.098239660 0.984821498 0.143092945 40.058788300 -0.625699341 -0.172937497 0.760653019 859.987365723
0.774880052 -0.019466190 0.631808579 45.869224548 -0.094569899 0.984705925 0.146324098 40.091362000 -0.624994040 -0.173133686 0.761188030 860.284484863
0.775956810 -0.020725729 0.630445540 46.146377563 -0.095626831 0.984043181 0.150048360 40.121711731 -0.623495519 -0.176718548 0.761593103 860.590820312
0.776341438 -0.019177658 0.630020797 46.354568481 -0.100918196 0.982860625 0.154274181 40.141651154 -0.622181296 -0.183349997 0.761100054 860.885742188
0.777683675 -0.018549604 0.628382087 46.576217651 -0.103642054 0.982103944 0.157258436 40.153465271 -0.620053649 -0.187424123 0.761843681 861.139160156
0.779234886 -0.015360347 0.626543760 46.864768982 -0.107327640 0.981661201 0.157550216 40.178501129 -0.617473722 -0.190014079 0.763296068 861.450805664
0.780618429 -0.015185458 0.624823451 47.141090393 -0.105563506 0.982138932 0.155754492 40.212295532 -0.616028607 -0.187543377 0.765072703 861.763305664
0.781494498 -0.013228067 0.623771906 47.340072632 -0.106378406 0.982310712 0.154107958 40.265567780 -0.614776373 -0.186790377 0.766263247 862.045593262
0.783451498 -0.012783878 0.621321440 47.599624634 -0.104857676 0.982734442 0.152439713 40.296432495 -0.612542748 -0.184579447 0.768584311 862.344360352
0.785733461 -0.009613501 0.618490517 47.856864929 -0.106940359 0.982711971 0.151132360 40.329963684 -0.609250903 -0.184891343 0.771121621 862.638916016
0.788174987 -0.009127479 0.615383506 48.108833313 -0.108734839 0.982095838 0.153832778 40.353927612 -0.605769694 -0.188160777 0.773070931 862.943481445
0.790888965 -0.010436428 0.611870706 48.356170654 -0.110060990 0.981125176 0.158996791 40.378013611 -0.601981103 -0.193091899 0.774812460 863.251708984
0.794132054 -0.015271042 0.607553363 48.577964783 -0.107339166 0.980444252 0.164946631 40.380710602 -0.598191082 -0.196203664 0.776962996 863.555053711
0.797189355 -0.018428719 0.603448033 48.780860901 -0.104080975 0.980373442 0.167436600 40.391792297 -0.594690084 -0.196286142 0.779625237 863.820495605
0.801710665 -0.020539956 0.597359300 49.061752319 -0.101344012 0.980267763 0.169719025 40.435501099 -0.589058101 -0.196604341 0.783809483 864.142639160
0.805485249 -0.020137047 0.592273533 49.287872314 -0.099948682 0.980489433 0.169265285 40.469837189 -0.584126472 -0.195537657 0.787757158 864.446472168
0.809622943 -0.017623112 0.586685717 49.544918060 -0.101000056 0.980456591 0.168830872 40.533836365 -0.578195214 -0.195944637 0.792020202 864.763122559
